114  55
115  55
116  55
117  55
118  55
119  55
120  55
121  56
122  56
123  56
124  56
125  56
126  56
127  56
128  57
129  57
130  57
131  57
132  58
133  58
134  59
135  59
136  60
137  61
138  61
139  62
140  63
141  64
141  65
142  66
143  67
143  68
144  69
144  70
145  71
145  72
146  73
146  74
146  75
147  76
147  77
148  78
148  79
148  80
148  81
148  82
149  83
149  84
149  85
149  86
149  87
150  88
150  89
150  90
150  91
150  92
151  93
151  94
151  95
151  96
151  97
151  98
151  99
151  100
152  101
152  102
152  103
152  104
152  105
152  106
152  107
153  108
153  109
153  110
153  111
153  112
153  113
153  114
154  115
154  116
154  117
154  118
154  119
154  120
155  121
155  122
155  123
155  124
156  125
156  126
156  127
156  128
157  129
157  130
157  131
158  132
158  133
158  134
158  135
159  136
159  137
160  138
160  139
161  140
161  141
162  142
162  143
163  144
163  145
164  146
164  147
164  148
165  149
166  150
167  151
167  152
168  153
169  154
170  155
170  156
171  157
172  158
173  159
174  160
175  161
176  162
177  162
178  163
179  164
180  165
181  165
182  166
183  167
184  167
185  168
186  168
187  169
188  170
189  170
190  171
191  171
192  172
193  172
194  172
195  173
196  173
197  174
198  174
199  174
200  175
201  175
202  175
203  176
204  176
205  176
206  176
207  177
208  177
209  177
210  178
211  178
212  178
213  178
214  178
215  179
216  179
217  179
218  179
219  179
220  179
221  180
222  180
223  180
224  180
225  180
226  180
227  180
228  180
229  181
230  181
231  181
232  181
233  181
234  181
235  181
236  181
237  181
238  181
239  181
240  181
241  181
242  181
243  181
244  181
245  181
246  181
247  181
248  181
249  181
250  181
251  181
252  181
253  181
254  181
255  181
256  181
257  181
258  181
259  181
260  181
261  181
262  181
263  181
264  181
265  181
266  181
267  181
268  181
269  181
270  181
271  181
272  181
273  181
274  180
275  180
276  180
277  180
278  180
279  180
280  180
281  180
282  180
283  180
284  179
285  179
286  179
287  179
288  179
289  179
290  179
291  179
292  179
293  178
294  178
295  178
296  178
297  178
298  178
299  178
300  178
301  177
302  177
303  177
304  177
305  177
306  177
307  177
308  176
309  176
310  176
311  176
312  176
313  176
314  175
315  175
316  175
317  175
318  175
319  175
319  176
319  177
319  178
319  179
319  180
318  181
318  182
318  183
318  184
318  185
318  186
318  187
318  188
318  189
318  190
318  191
318  192
318  193
317  194
317  195
317  196
317  197
317  198
317  199
317  200
317  201
317  202
317  203
317  204
317  205
317  206
317  207
316  208
316  209
316  210
316  211
316  212
316  213
316  214
316  215
316  216
316  217
316  218
316  219
316  220
316  221
315  222
315  223
315  224
315  225
315  226
315  227
315  228
315  229
315  230
315  231
315  232
315  233
315  234
315  235
315  236
314  237
314  238
314  239
314  240
314  241
314  242
314  243
314  244
314  245
314  246
314  247
314  248
314  249
314  250
313  251
313  252
313  253
313  254
313  255
313  256
313  257
313  258
313  259
313  260
313  261
313  262
313  263
313  264
313  265
313  266
312  267
312  268
312  269
312  270
312  271
312  272
312  273
312  274
312  275
312  276
312  277
312  278
312  279
312  280
312  281
312  282
312  283
311  284
311  285
311  286
311  287
311  288
311  289
311  290
311  291
311  292
311  293
311  294
311  295
311  296
311  297
311  298
311  299
310  300
310  301
310  302
310  303
310  304
310  305
310  306
310  307
310  308
310  309
310  310
310  311
310  312
310  313
310  314
310  315
310  316
310  317
310  318
309  319
309  320
309  321
309  322
309  323
309  324
309  325
309  326
309  327
309  328
309  329
309  330
309  331
309  332
309  333
309  334
309  335
309  336
309  337
309  338
309  339
309  340
308  341
308  342
308  343
308  344
308  345
308  346
308  347
308  348
308  349
308  350
308  351
308  352
308  353
308  354
308  355
308  356
308  357
308  358
308  359
308  360
308  361
308  362
308  363
308  364
307  365
307  366
307  367
307  368
307  369
307  370
307  371
307  372
307  373
307  374
307  375
307  376
307  377
307  378
307  379
307  380
307  381
307  382
307  383
307  384
307  385
307  386
307  387
307  388
307  389
307  390
307  391
307  392
307  393
307  394
306  395
306  396
306  397
306  398
306  399
306  400
306  401
306  402
306  403
306  404
306  405
306  406
306  407
306  408
306  409
306  410
306  411
306  412
306  413
306  414
306  415
306  416
306  417
306  418
306  419
306  420
306  421
306  422
306  423
306  424
306  425
306  426
306  427
306  428
306  429
306  430
306  431
306  432
306  433
306  434
306  435
306  436
306  437
306  438
306  439
306  440
306  441
306  442
306  443
306  444
306  445
306  446
306  447
306  448
305  449
305  450
305  451
305  452
305  453
305  454
305  455
305  456
305  457
305  458
305  459
304  458
304  457
304  456
303  455
303  454
303  453
303  452
302  451
302  450
302  449
302  448
301  447
301  446
301  445
301  444
300  443
300  442
300  441
300  440
299  439
299  438
299  437
299  436
298  435
298  434
298  433
297  432
297  431
297  430
297  429
296  428
296  427
296  426
296  425
295  424
295  423
295  422
294  421
294  420
294  419
293  418
293  417
293  416
292  415
292  414
292  413
291  412
291  411
291  410
290  409
290  408
290  407
289  406
289  405
289  404
288  403
288  402
288  401
287  400
287  399
286  398
286  397
286  396
285  395
285  394
285  393
284  392
284  391
283  390
283  389
283  388
282  387
282  386
281  385
281  384
280  383
280  382
280  381
279  380
279  379
278  378
278  377
277  376
277  375
276  374
276  373
275  372
275  371
275  370
274  369
274  368
273  367
273  366
272  365
272  364
271  363
271  362
270  361
270  360
269  359
269  358
268  357
267  356
267  355
266  354
266  353
265  352
265  351
264  350
263  349
263  348
262  347
262  346
261  345
261  344
260  343
259  342
259  341
258  340
257  339
257  338
256  337
255  336
255  335
254  334
253  333
253  332
252  331
251  330
251  329
250  328
249  327
249  326
248  325
247  324
246  323
246  322
245  321
244  320
243  319
243  318
242  317
241  316
240  315
239  314
239  313
238  312
237  311
236  310
235  309
235  308
234  307
233  306
232  305
231  304
230  303
229  302
228  301
227  300
226  299
225  298
224  297
223  296
222  295
221  294
220  293
219  292
218  291
217  290
216  289
215  288
214  287
213  287
212  286
211  285
210  284
209  283
208  282
207  281
206  280
205  280
204  279
203  278
202  277
201  277
200  276
199  275
198  274
197  274
196  273
195  272
194  272
193  271
192  270
191  270
190  269
189  268
188  267
187  267
186  266
185  265
184  265
183  264
182  264
181  263
180  263
179  262
178  261
177  261
176  260
175  260
174  259
173  259
172  258
171  258
170  257
169  257
168  256
167  255
166  255
165  254
164  254
163  253
162  253
161  253
160  252
159  252
158  251
157  251
156  251
155  250
154  250
153  249
152  249
151  249
150  248
149  248
148  247
147  247
146  247
145  246
144  246
143  245
142  245
141  245
140  244
139  244
138  244
137  243
136  243
135  243
134  243
133  242
132  242
131  242
130  242
129  241
128  241
127  241
126  241
125  240
124  240
123  240
122  240
121  239
120  239
119  239
118  238
117  238
116  238
115  238
114  237
113  237
112  237
111  237
110  237
109  237
108  236
107  236
106  236
105  236
104  236
103  236
102  236
101  236
100  235
99  235
98  235
97  235
96  235
95  235
94  235
93  234
92  234
91  234
90  234
89  234
88  234
87  234
86  233
85  233
84  233
83  233
82  233
81  233
80  233
79  233
78  233
77  233
76  233
75  233
74  233
73  233
72  233
71  233
70  233
69  233
68  233
67  233
66  233
65  233
64  233
63  233
62  233
61  233
60  233
59  232
58  232
57  232
56  232
55  232
54  232
53  232
52  232
51  232
50  233
49  233
48  233
47  233
46  233
45  233
44  233
43  233
42  233
41  233
40  233
39  233
38  233
37  234
36  234
35  234
34  234
33  234
32  234
31  234
30  234
29  234
28  234
27  234
26  234
25  234
24  235
23  235
22  235
21  235
20  235
19  235
19  234
19  233
20  232
20  231
20  230
20  229
21  228
21  227
21  226
22  225
22  224
23  223
24  222
25  221
26  221
27  221
28  220
29  220
30  220
31  220
32  220
33  220
34  220
35  220
36  220
37  220
38  220
39  221
40  221
41  221
42  221
43  222
44  222
45  222
46  222
47  223
48  223
49  223
50  224
51  224
52  224
53  225
54  225
55  225
56  225
57  226
58  226
59  226
60  227
61  227
62  227
63  227
64  227
65  227
66  227
67  227
68  227
69  228
70  227
71  227
72  227
73  227
74  227
75  226
76  226
77  226
78  225
79  225
80  224
81  224
82  223
83  222
84  221
84  220
85  219
86  218
86  217
87  216
87  215
88  214
88  213
89  212
89  211
90  210
90  209
90  208
91  207
91  206
91  205
91  204
92  203
92  202
92  201
92  200
92  199
93  198
93  197
93  196
93  195
93  194
93  193
93  192
93  191
94  190
94  189
94  188
94  187
94  186
94  185
94  184
94  183
94  182
94  181
94  180
94  179
94  178
94  177
94  176
94  175
94  174
94  173
94  172
94  171
94  170
94  169
94  168
94  167
94  166
94  165
94  164
94  163
94  162
94  161
94  160
94  159
94  158
94  157
94  156
94  155
94  154
94  153
94  152
94  151
94  150
94  149
94  148
94  147
94  146
93  145
93  144
93  143
93  142
93  141
93  140
93  139
93  138
93  137
93  136
93  135
93  134
92  133
92  132
92  131
92  130
92  129
92  128
92  127
92  126
92  125
92  124
91  123
91  122
91  121
91  120
91  119
91  118
91  117
91  116
91  115
90  114
90  113
90  112
90  111
90  110
90  109
90  108
90  107
89  106
89  105
89  104
89  103
89  102
89  101
89  100
89  99
88  98
88  97
88  96
88  95
88  94
88  93
88  92
87  91
87  90
87  89
87  88
87  87
87  86
87  85
86  84
86  83
86  82
86  81
86  80
86  79
86  78
85  77
85  76
85  75
85  74
85  73
85  72
84  71
84  70
84  69
84  68
84  67
84  66
83  65
83  64
83  63
83  62
84  62
85  61
86  61
87  61
88  61
89  60
90  60
91  60
92  59
93  59
94  59
95  59
96  58
97  58
98  58
99  58
100  58
101  57
102  57
103  57
104  57
105  57
106  56
107  56
108  56
109  56
110  56
111  56
112  56
113  56
113  56
