270  46
270  47
270  48
270  49
271  50
271  51
271  52
271  53
271  54
271  55
271  56
271  57
272  58
272  59
272  60
272  61
272  62
272  63
272  64
272  65
273  66
273  67
273  68
273  69
273  70
273  71
273  72
273  73
274  74
274  75
274  76
274  77
274  78
274  79
274  80
274  81
275  82
275  83
275  84
275  85
275  86
275  87
275  88
275  89
276  90
276  91
276  92
276  93
276  94
276  95
276  96
276  97
277  98
277  99
277  100
277  101
277  102
277  103
277  104
277  105
278  106
278  107
278  108
278  109
278  110
278  111
278  112
278  113
279  114
279  115
279  116
279  117
279  118
279  119
279  120
279  121
280  122
280  123
280  124
280  125
280  126
280  127
280  128
280  129
281  130
281  131
281  132
281  133
281  134
281  135
281  136
281  137
282  138
282  139
282  140
282  141
282  142
282  143
282  144
282  145
283  146
283  147
283  148
283  149
283  150
283  151
283  152
283  153
284  154
284  155
284  156
284  157
284  158
284  159
284  160
284  161
285  162
285  163
285  164
285  165
285  166
285  167
285  168
285  169
286  170
286  171
286  172
286  173
286  174
286  175
286  176
286  177
287  178
287  179
287  180
287  181
287  182
287  183
287  184
287  185
288  186
288  187
288  188
288  189
288  190
288  191
288  192
288  193
289  194
289  195
289  196
289  197
289  198
289  199
289  200
289  201
290  202
290  203
290  204
290  205
290  206
290  207
290  208
290  209
291  210
291  211
291  212
291  213
291  214
291  215
291  216
291  217
292  218
292  219
292  220
292  221
292  222
292  223
292  224
292  225
293  226
293  227
293  228
293  229
293  230
293  231
293  232
293  233
294  234
294  235
294  236
294  237
294  238
294  239
294  240
294  241
295  242
295  243
295  244
295  245
295  246
295  247
295  248
295  249
296  250
296  251
296  252
296  253
296  254
296  255
296  256
296  257
297  258
297  259
297  260
297  261
297  262
297  263
297  264
297  265
298  266
298  267
298  268
298  269
298  270
298  271
298  272
298  273
299  274
299  275
299  276
299  277
299  278
299  279
299  280
299  281
300  282
300  283
300  284
300  285
300  286
300  287
300  288
300  289
301  290
301  291
300  291
299  291
298  292
297  292
296  293
295  293
294  294
293  294
292  295
291  295
290  296
289  296
288  297
287  297
286  298
285  298
284  299
283  299
282  300
281  300
280  301
279  301
278  302
277  302
276  303
275  304
274  304
273  305
272  305
271  306
270  306
269  307
268  307
267  308
266  308
265  309
264  309
263  310
262  310
261  311
260  311
259  312
258  312
257  313
256  313
255  314
254  314
253  315
252  316
251  316
250  317
249  317
248  318
247  318
246  319
245  319
244  320
243  320
242  321
241  321
240  322
239  322
238  323
237  323
236  324
235  324
234  325
233  325
232  326
231  326
230  327
229  327
228  328
227  329
226  329
225  330
224  330
223  331
222  331
221  332
220  332
219  333
218  333
217  334
216  334
215  335
214  335
213  336
212  336
211  337
210  337
209  338
208  338
207  339
206  339
205  340
204  341
203  341
202  342
201  342
200  343
199  343
198  344
197  344
196  345
195  345
194  346
193  346
192  347
191  347
190  348
189  348
188  349
187  349
186  350
185  350
184  351
183  351
182  352
181  352
180  353
179  354
178  354
177  355
176  355
175  356
174  356
173  357
172  357
171  358
170  358
169  359
168  359
167  360
166  360
165  361
164  361
163  362
162  362
161  363
160  363
159  364
158  364
157  365
156  366
155  366
154  367
153  367
152  368
151  368
150  369
149  369
148  370
147  370
146  371
145  371
144  372
143  372
142  373
141  373
140  374
139  374
138  375
137  375
136  376
135  376
134  377
133  377
132  378
131  379
130  379
129  380
128  380
127  381
126  381
125  382
124  382
123  383
122  383
121  384
120  384
119  385
118  385
117  386
116  386
115  387
114  387
113  388
112  388
111  389
110  389
109  390
108  391
107  391
106  392
105  392
104  393
103  393
102  394
101  394
100  395
99  395
98  396
97  396
96  397
95  397
94  398
93  398
92  399
91  399
90  400
89  400
88  401
87  401
86  402
85  402
84  403
83  404
82  404
81  405
80  405
79  406
78  406
77  407
76  407
75  408
74  408
73  409
72  409
71  410
70  410
69  411
68  411
67  412
66  412
65  413
64  413
63  414
62  414
61  415
60  416
59  416
58  417
57  417
56  418
55  418
54  419
53  419
52  420
51  420
50  421
49  421
48  422
47  422
46  423
45  423
44  424
43  424
42  425
41  425
40  426
39  426
38  427
37  428
37  427
36  428
35  428
34  428
34  427
34  426
34  425
34  424
34  423
34  422
34  421
34  420
34  419
34  418
34  417
34  416
34  415
34  414
33  413
33  412
33  411
33  410
33  409
33  408
33  407
33  406
33  405
33  404
33  403
33  402
33  401
33  400
33  399
33  398
33  397
33  396
33  395
33  394
33  393
33  392
33  391
33  390
33  389
33  388
33  387
33  386
33  385
33  384
32  383
32  382
32  381
32  380
32  379
32  378
32  377
32  376
32  375
32  374
32  373
32  372
32  371
32  370
32  369
32  368
32  367
32  366
32  365
32  364
32  363
32  362
32  361
32  360
32  359
32  358
32  357
32  356
32  355
31  354
31  353
31  352
31  351
31  350
31  349
31  348
31  347
31  346
31  345
31  344
31  343
31  342
31  341
31  340
31  339
31  338
31  337
31  336
31  335
31  334
31  333
31  332
31  331
31  330
31  329
31  328
31  327
31  326
31  325
30  324
30  323
30  322
30  321
30  320
30  319
30  318
30  317
30  316
30  315
30  314
30  313
30  312
30  311
30  310
30  309
30  308
30  307
30  306
30  305
30  304
30  303
30  302
30  301
30  300
30  299
30  298
30  297
30  296
30  295
29  294
29  293
29  292
29  291
29  290
29  289
29  288
29  287
29  286
29  285
29  284
29  283
29  282
29  281
29  280
29  279
29  278
29  277
29  276
29  275
29  274
29  273
29  272
29  271
29  270
29  269
29  268
29  267
29  266
28  265
28  264
28  263
28  262
28  261
28  260
28  259
28  258
28  257
28  256
28  255
28  254
28  253
28  252
28  251
28  250
28  249
28  248
28  247
28  246
28  245
28  244
28  243
28  242
28  241
28  240
28  239
28  238
28  237
28  236
27  235
27  234
27  233
27  232
27  231
27  230
27  229
27  228
27  227
27  226
27  225
27  224
27  223
27  222
27  221
27  220
27  219
27  218
27  217
27  216
27  215
27  214
27  213
27  212
27  211
27  210
27  209
27  208
27  207
26  206
26  205
26  204
26  203
26  202
26  201
26  200
26  199
26  198
26  197
26  196
26  195
26  194
26  193
26  192
26  191
26  190
26  189
26  188
26  187
26  186
26  185
26  184
26  183
26  182
26  181
26  180
26  179
26  178
26  177
25  176
25  175
25  174
25  173
25  172
25  171
25  170
25  169
25  168
25  167
25  166
25  165
25  164
25  163
25  162
25  161
25  160
25  159
25  158
25  157
25  156
25  155
25  154
25  153
25  152
25  151
25  150
25  149
25  148
25  147
24  146
24  145
24  144
24  143
24  142
24  141
24  140
24  139
24  138
24  137
24  136
24  135
25  135
26  136
26  137
27  138
27  139
28  140
29  141
29  142
30  143
30  144
31  145
32  146
33  147
33  148
34  149
35  150
35  151
36  152
37  153
37  154
38  155
39  156
40  157
40  158
41  159
42  160
43  161
43  162
44  163
45  164
46  165
47  166
47  167
48  168
49  169
50  170
51  171
51  172
52  173
53  174
54  175
55  176
56  177
56  178
57  179
58  180
59  181
60  182
61  183
62  184
63  185
64  186
65  187
65  188
66  189
67  190
68  191
69  192
70  193
71  194
72  195
73  196
74  197
75  198
76  199
77  200
78  201
79  202
80  203
81  203
82  204
83  205
84  206
85  207
86  208
87  209
88  210
89  210
90  211
91  212
92  213
93  214
94  215
95  215
96  216
97  217
98  218
99  218
100  219
101  220
102  221
103  221
104  222
105  223
106  224
107  224
108  225
109  225
110  226
111  227
112  227
113  228
114  228
115  229
116  229
117  230
118  231
119  231
120  231
121  232
122  232
123  233
124  233
125  233
126  234
127  234
128  234
129  235
130  235
131  235
132  235
133  235
134  236
135  236
136  236
137  235
138  235
139  235
140  235
141  235
142  234
143  234
144  233
145  232
146  231
147  230
148  229
148  228
149  227
149  226
149  225
150  224
150  223
150  222
150  221
151  220
151  219
151  218
151  217
151  216
151  215
151  214
151  213
151  212
151  211
151  210
151  209
151  208
151  207
151  206
151  205
151  204
151  203
151  202
151  201
150  200
150  199
150  198
150  197
150  196
150  195
150  194
149  193
149  192
149  191
149  190
149  189
148  188
148  187
148  186
148  185
147  184
147  183
147  182
147  181
147  180
146  179
146  178
146  177
145  176
145  175
145  174
145  173
144  172
144  171
144  170
144  169
143  168
143  167
143  166
142  165
142  164
142  163
141  162
141  161
141  160
141  159
140  158
140  157
140  156
139  155
139  154
139  153
138  152
138  151
138  150
137  149
137  148
137  147
136  146
136  145
135  144
135  143
135  142
134  141
134  140
134  139
135  139
136  139
136  140
137  141
137  142
138  143
138  144
138  145
139  146
139  147
140  148
140  149
141  150
141  151
142  152
142  153
143  154
144  155
144  156
145  157
146  158
146  159
147  160
148  161
148  162
149  163
150  164
151  165
152  166
153  167
154  168
155  169
156  170
157  171
158  172
159  172
160  173
161  174
162  174
163  175
164  175
165  176
166  176
167  176
168  177
169  177
170  177
171  177
172  177
173  177
174  177
175  177
176  177
177  177
178  177
179  177
180  176
181  176
182  176
183  175
184  175
185  175
186  174
187  174
188  173
189  172
190  171
191  171
192  170
193  169
194  168
195  167
196  166
197  165
198  164
198  163
199  162
200  161
200  160
201  159
201  158
202  157
202  156
203  155
203  154
204  153
204  152
204  151
204  150
205  149
205  148
205  147
205  146
205  145
205  144
205  143
205  142
205  141
205  140
205  139
205  138
204  137
204  136
203  135
203  134
202  133
201  132
200  131
199  131
198  130
197  129
196  129
195  129
194  128
193  128
192  128
191  128
190  127
189  127
188  127
187  127
187  126
186  127
185  127
184  127
183  127
182  128
181  128
180  128
179  128
178  128
177  128
176  128
175  128
174  129
173  129
172  129
171  129
170  130
169  130
168  130
168  129
169  128
170  127
171  126
172  126
173  125
174  124
175  123
176  122
177  122
178  121
179  120
180  119
181  118
182  118
183  117
184  116
185  115
186  114
187  113
188  113
189  112
190  111
191  110
192  109
193  109
194  108
195  107
196  106
197  105
198  105
199  104
200  103
201  102
202  101
203  100
204  100
205  99
206  98
207  97
208  96
209  96
210  95
211  94
212  93
213  92
214  92
215  91
216  90
217  89
218  88
219  87
220  87
221  86
222  85
223  84
224  83
225  83
226  82
227  81
228  80
229  79
230  79
231  78
232  77
233  76
234  75
235  74
236  74
237  73
238  72
239  71
240  70
241  70
242  69
243  68
244  67
245  66
246  66
247  65
248  64
249  63
250  62
251  61
252  61
253  60
254  59
255  58
256  57
257  57
258  56
259  55
260  54
261  53
262  53
263  52
264  51
265  50
266  49
267  48
268  48
269  47