546  38
547  38
548  38
549  38
550  38
551  38
552  38
553  38
554  38
555  38
556  39
557  39
558  39
559  39
560  39
561  39
562  40
563  40
564  40
565  40
566  41
567  41
568  42
569  42
570  43
571  43
572  44
573  45
574  46
575  47
576  48
576  49
577  50
577  51
578  52
578  53
579  54
579  55
579  56
579  57
580  58
580  59
580  60
580  61
580  62
580  63
580  64
579  65
579  66
579  67
578  68
578  69
578  70
577  71
577  72
577  73
577  74
576  75
576  76
576  77
576  78
575  79
575  80
575  81
575  82
575  83
575  84
575  85
576  86
576  87
577  88
577  89
578  90
579  91
580  92
581  93
582  93
583  94
584  94
585  94
586  95
587  95
588  95
589  95
590  95
591  95
592  95
593  95
594  95
595  95
596  95
597  95
598  95
599  94
600  94
601  94
602  94
603  94
604  94
605  94
606  94
607  93
608  93
609  93
610  93
611  92
612  92
613  92
614  91
615  91
616  91
617  90
618  90
619  89
620  89
621  88
622  87
623  87
624  86
625  86
626  85
627  85
628  84
629  83
630  83
631  82
632  82
633  81
634  80
635  80
636  79
637  79
638  78
639  77
640  77
641  77
642  78
643  79
643  80
644  81
644  82
645  83
646  84
646  85
647  86
647  87
647  88
648  89
648  90
649  91
649  92
650  93
650  94
651  95
651  96
652  97
652  98
653  99
653  100
653  101
654  102
654  103
655  104
655  105
655  106
656  107
656  108
656  109
657  110
657  111
657  112
658  113
658  114
658  115
659  116
659  117
659  118
660  119
660  120
660  121
661  122
661  123
661  124
661  125
661  126
662  127
662  128
662  129
662  130
662  131
662  132
663  133
663  134
663  135
663  136
663  137
663  138
663  139
663  140
663  141
663  142
663  143
663  144
663  145
663  146
663  147
663  148
663  149
663  150
663  151
663  152
663  153
662  154
662  155
661  156
661  157
660  158
660  159
659  160
658  161
657  162
656  163
655  164
654  164
653  165
652  165
651  165
650  166
649  166
648  166
647  166
646  166
645  166
644  166
643  166
642  165
641  165
640  165
639  165
638  165
637  165
636  165
635  165
634  164
633  164
632  164
631  164
630  164
629  164
628  164
627  164
626  165
625  165
624  165
623  165
622  166
621  166
620  166
619  167
618  168
617  169
616  170
615  171
615  172
614  173
614  174
613  175
613  176
612  177
612  178
612  179
612  180
612  181
611  182
611  183
611  184
611  185
611  186
611  187
611  188
611  189
611  190
611  191
611  192
611  193
611  194
611  195
611  196
611  197
612  198
612  199
612  200
613  201
613  202
614  203
614  204
615  205
616  206
616  207
617  208
618  209
619  210
620  211
621  212
622  213
623  214
624  214
625  215
626  215
627  215
628  216
629  216
630  216
631  216
632  216
633  216
634  216
635  216
636  216
637  216
638  216
639  215
640  215
641  214
642  214
643  214
644  213
645  213
646  212
647  212
648  211
649  211
650  211
651  210
652  210
653  210
654  210
655  210
656  210
657  211
658  212
659  212
660  213
661  214
662  215
663  216
663  217
663  218
664  219
664  220
664  221
664  222
665  223
665  224
665  225
665  226
665  227
665  228
665  229
665  230
665  231
665  232
665  233
666  234
666  235
666  236
666  237
666  238
666  239
666  240
666  241
666  242
666  243
666  244
666  245
666  246
666  247
666  248
666  249
666  250
666  251
666  252
666  253
666  254
665  255
665  256
665  257
665  258
665  259
665  260
665  261
665  262
665  263
665  264
665  265
665  266
665  267
665  268
665  269
665  270
665  271
665  272
665  273
665  274
665  275
665  276
665  277
665  278
664  279
663  280
662  281
661  282
660  282
659  282
658  283
657  283
656  283
655  283
654  283
653  283
652  283
651  283
650  283
649  283
648  283
647  283
646  284
645  284
644  284
643  284
642  284
641  284
640  284
639  284
638  284
637  284
636  284
635  284
634  284
633  284
632  284
631  284
630  284
629  284
628  284
627  284
626  284
625  284
624  284
623  284
622  285
621  285
620  285
619  285
618  285
617  285
616  285
615  285
614  285
613  285
612  285
611  285
610  285
609  285
608  285
607  285
606  285
605  285
604  286
603  286
602  286
601  286
600  286
599  286
598  286
597  286
596  286
595  286
594  286
593  286
592  286
591  286
590  286
589  286
588  286
587  286
586  286
585  286
584  286
583  286
582  287
581  287
580  287
579  287
578  287
577  287
576  287
575  287
574  287
573  287
572  287
571  287
570  287
569  287
568  287
567  287
566  287
565  287
564  287
563  287
562  287
561  287
560  287
559  287
558  287
557  287
556  287
555  287
554  287
553  287
552  288
551  288
550  288
549  288
548  288
547  288
546  288
545  288
544  288
543  289
542  289
541  289
540  289
539  289
538  289
537  289
536  289
535  289
534  289
533  289
532  289
531  289
530  289
529  289
528  289
527  289
526  289
525  289
524  289
523  289
522  289
521  290
520  290
519  290
518  290
517  290
516  290
515  290
514  290
513  290
512  290
511  290
510  290
509  290
508  290
507  290
506  290
505  291
504  291
503  291
502  291
501  291
500  291
499  291
498  291
497  291
496  291
495  291
494  291
493  291
492  291
491  291
490  291
489  291
488  291
487  291
486  291
485  291
484  292
483  292
482  292
481  292
480  292
479  292
478  292
477  292
476  292
475  292
474  292
473  292
472  293
471  293
470  293
469  293
468  293
467  293
466  293
465  293
464  293
463  293
462  293
461  293
460  293
459  293
458  293
457  293
456  293
455  293
454  292
453  291
452  290
452  289
451  288
451  287
451  286
451  285
451  284
450  283
450  282
450  281
450  280
450  279
450  278
450  277
450  276
450  275
450  274
450  273
450  272
450  271
450  270
450  269
450  268
450  267
450  266
450  265
450  264
450  263
450  262
450  261
450  260
450  259
450  258
450  257
450  256
450  255
450  254
450  253
450  252
450  251
450  250
450  249
450  248
450  247
450  246
450  245
450  244
450  243
450  242
450  241
450  240
450  239
450  238
450  237
451  236
451  235
451  234
451  233
451  232
451  231
452  230
452  229
452  228
453  227
453  226
454  225
454  224
454  223
455  222
455  221
456  220
456  219
457  218
457  217
458  216
459  215
459  214
460  213
461  212
462  211
463  210
464  210
465  210
466  209
467  209
468  209
469  209
470  210
471  210
472  210
473  210
474  210
475  211
476  211
477  211
478  211
479  212
480  212
481  212
482  212
483  213
484  213
485  213
486  213
487  214
488  214
489  214
490  214
491  214
492  214
493  213
494  213
495  212
496  212
497  211
498  211
499  210
500  209
501  208
502  207
503  206
504  205
505  204
505  203
506  202
506  201
506  200
507  199
507  198
507  197
507  196
508  195
508  194
508  193
508  192
508  191
508  190
508  189
508  188
508  187
508  186
508  185
508  184
508  183
508  182
508  181
508  180
508  179
508  178
507  177
507  176
507  175
507  174
506  173
506  172
505  171
504  170
504  169
503  168
502  167
501  166
500  165
499  164
498  164
497  163
496  163
495  162
494  162
493  162
492  162
491  162
490  162
489  162
488  162
487  162
486  162
485  162
484  162
483  162
482  163
481  163
480  163
479  163
478  163
477  163
476  164
475  164
474  164
473  164
472  164
471  164
470  164
469  164
468  164
467  164
466  164
465  164
464  164
463  164
462  164
461  164
460  163
459  163
458  162
457  161
456  161
455  160
454  159
453  158
453  157
452  156
451  155
451  154
450  153
450  152
450  151
449  150
448  149
448  148
448  147
448  146
448  145
447  144
447  143
447  142
447  141
447  140
446  139
446  138
447  137
447  136
447  135
447  134
447  133
447  132
447  131
447  130
447  129
447  128
447  127
448  126
448  125
448  124
449  123
449  122
449  121
449  120
450  119
450  118
451  117
451  116
451  115
452  114
452  113
453  112
453  111
453  110
454  109
454  108
455  107
455  106
455  105
456  104
456  103
456  102
457  101
457  100
457  99
458  98
458  97
459  96
459  95
460  94
461  93
462  94
463  94
464  94
465  95
466  95
467  95
468  96
469  96
470  96
471  96
472  97
473  97
474  97
475  97
476  98
477  98
478  98
479  98
480  98
481  99
482  99
483  99
484  99
485  99
486  100
487  100
488  100
489  100
490  100
491  100
492  100
493  100
494  100
495  100
496  100
497  100
498  100
499  100
500  100
501  100
502  100
503  100
504  100
505  100
506  100
507  100
508  100
509  99
510  99
511  99
512  99
513  99
514  99
515  98
516  98
517  98
518  97
519  97
520  97
521  97
522  96
523  96
524  95
525  95
526  95
527  94
528  94
529  93
530  92
531  91
532  90
532  89
532  88
532  87
532  86
532  85
531  84
531  83
531  82
530  81
530  80
529  79
529  78
528  77
528  76
527  75
527  74
526  73
526  72
525  71
525  70
524  69
524  68
524  67
524  66
523  65
523  64
523  63
523  62
523  61
523  60
523  59
523  58
524  57
524  56
524  55
525  54
525  53
526  52
526  51
527  50
527  49
528  48
529  47
530  46
531  45
532  44
533  43
534  42
535  42
536  41
537  41
538  40
539  40
540  39
541  39
542  39
543  39
544  39
545  39
545  39