609 670
609 669
609 668
609 667
609 666
609 665
609 664
609 663
609 662
609 662
610 661
611 661
612 661
613 661
614 661
615 661
616 661
617 661
618 662
619 663
620 663
621 663
622 664
623 664
624 665
625 665
626 666
627 666
628 667
629 667
630 668
631 668
632 669
633 669
634 669
635 670
636 670
637 671
638 671
639 672
640 672
641 673
642 673
643 674
644 675
645 675
646 676
647 676
648 677
649 677
650 678
651 678
652 679
653 679
654 680
655 680
656 681
657 681
658 682
659 683
660 683
661 684
662 685
663 685
664 686
665 687
666 687
667 688
668 689
669 690
670 690
671 691
672 692
673 692
674 693
675 694
676 695
677 695
678 696
679 697
680 697
681 698
682 699
683 700
684 701
685 701
686 702
687 703
688 703
689 704
690 705
691 705
692 706
693 707
694 707
695 708
696 709
697 710
698 711
699 711
700 712
701 713
702 714
703 715
704 715
705 715
706 715
707 716
707 717
708 718
709 719
710 720
711 721
712 722
713 723
714 724
715 725
716 726
717 727
718 727
719 728
720 729
721 730
722 731
723 732
724 733
725 734
726 735
727 735
728 736
729 737
730 738
731 739
732 740
733 741
734 742
735 743
736 744
737 745
738 746
739 747
740 748
741 749
742 750
743 751
744 752
745 753
746 754
747 755
748 756
749 757
750 758
751 759
752 760
753 761
754 762
755 763
756 764
757 765
758 766
759 767
760 768
761 769
762 770
763 771
764 772
765 773
766 774
767 775
768 776
769 777
770 778
771 779
771 780
772 781
773 782
774 783
775 784
776 785
777 786
778 787
779 788
780 789
781 790
782 791
783 792
784 793
785 794
786 795
787 796
787 797
788 798
789 799
790 800
791 801
792 802
793 803
793 804
794 805
795 806
796 807
797 808
798 809
798 810
799 811
800 812
801 813
802 814
803 815
803 816
804 817
805 818
806 819
806 820
807 821
808 822
809 823
810 824
811 825
811 826
812 827
813 828
814 829
815 830
816 831
817 832
818 833
818 834
819 835
820 836
821 837
822 838
822 839
823 840
824 841
824 842
825 843
825 844
826 845
827 846
828 847
828 848
829 849
830 850
830 851
830 852
831 853
832 854
833 855
833 856
834 857
835 858
835 859
835 860
836 861
837 862
837 863
838 864
839 865
839 866
840 867
840 868
841 869
842 870
843 871
843 872
843 873
843 874
844 875
844 876
845 877
845 878
846 879
846 880
846 881
847 882
848 883
848 884
849 885
849 886
850 887
850 888
850 889
850 890
851 891
851 892
851 893
852 894
852 895
852 896
853 897
853 898
853 899
854 900
854 901
854 902
855 903
855 904
855 905
856 906
856 907
857 908
857 909
857 910
858 911
858 912
858 913
858 914
859 915
859 916
859 917
860 918
860 919
860 920
861 921
861 922
861 923
861 924
862 925
862 926
862 927
862 928
863 929
863 930
863 931
863 932
864 933
864 934
864 935
865 936
865 937
865 938
865 939
866 940
866 941
866 942
866 943
867 944
867 945
867 946
867 947
868 948
868 949
868 950
868 951
869 952
869 953
869 954
870 955
870 956
870 957
870 958
870 959
871 960
871 961
872 962
872 963
872 964
872 965
872 966
872 967
872 968
873 969
873 970
873 971
873 972
874 973
874 974
874 975
874 976
874 977
874 978
874 979
875 980
875 981
875 982
875 983
875 984
876 985
876 986
876 987
876 988
876 989
876 990
876 991
877 992
877 993
877 994
877 995
877 996
878 997
878 998
878 999
878 1000
878 1001
878 1002
878 1003
878 1004
879 1005
879 1006
879 1007
879 1008
879 1009
879 1010
879 1011
880 1012
880 1013
880 1014
880 1015
880 1016
880 1017
880 1018
880 1019
880 1020
880 1021
880 1022
881 1023
881 1024
881 1025
881 1026
881 1027
881 1028
881 1029
881 1030
881 1031
881 1032
882 1033
882 1034
882 1035
882 1036
882 1037
882 1038
882 1039
882 1040
882 1041
882 1042
882 1043
882 1044
882 1045
882 1046
882 1047
882 1048
882 1049
882 1050
882 1051
882 1052
882 1053
882 1054
882 1055
882 1056
882 1057
882 1058
882 1059
882 1060
882 1061
882 1062
882 1063
882 1064
882 1065
881 1066
881 1067
881 1068
881 1069
881 1070
881 1071
881 1072
881 1073
881 1074
881 1075
881 1076
880 1077
880 1078
880 1079
880 1080
880 1081
880 1082
879 1083
879 1084
879 1085
879 1086
879 1087
879 1088
879 1089
878 1090
878 1091
878 1092
878 1093
878 1094
878 1095
878 1096
877 1097
877 1098
877 1099
877 1100
877 1101
877 1102
876 1103
876 1104
876 1105
876 1106
876 1107
876 1108
875 1109
875 1110
875 1111
875 1112
875 1113
874 1114
874 1115
874 1116
874 1117
874 1118
874 1119
873 1120
873 1121
873 1122
873 1123
873 1124
873 1125
872 1126
872 1127
872 1128
872 1129
872 1130
872 1131
872 1132
871 1133
871 1134
871 1135
871 1136
871 1137
871 1138
870 1139
870 1140
870 1141
870 1142
870 1143
870 1144
869 1145
869 1146
869 1147
869 1148
869 1149
869 1150
869 1151
869 1152
869 1153
869 1154
868 1155
868 1156
868 1157
868 1158
868 1159
868 1160
868 1161
868 1162
868 1163
867 1164
867 1165
867 1166
867 1167
867 1168
867 1169
867 1170
867 1171
867 1172
867 1173
867 1174
867 1175
867 1176
867 1177
867 1178
867 1179
867 1180
867 1181
867 1182
867 1183
867 1184
867 1185
867 1186
867 1187
867 1188
867 1189
867 1190
868 1191
868 1192
868 1193
868 1194
868 1195
868 1196
868 1197
868 1198
868 1199
868 1200
868 1201
869 1202
869 1203
869 1204
869 1205
869 1206
869 1207
870 1208
870 1209
870 1210
870 1211
870 1212
871 1213
871 1214
871 1215
871 1216
871 1217
871 1218
871 1219
871 1220
871 1221
871 1222
871 1223
871 1224
871 1225
870 1226
869 1226
868 1226
867 1227
866 1227
865 1228
864 1228
863 1229
862 1229
861 1230
860 1230
859 1231
858 1232
857 1232
856 1232
855 1233
854 1233
853 1234
852 1234
851 1235
850 1236
849 1236
848 1236
847 1237
846 1237
845 1238
844 1238
843 1239
842 1239
841 1240
840 1240
839 1241
838 1242
837 1242
836 1242
835 1243
834 1243
833 1244
832 1244
831 1245
830 1245
829 1246
828 1246
827 1247
826 1247
825 1248
824 1248
823 1249
822 1249
821 1250
820 1250
819 1251
818 1252
817 1252
816 1252
815 1253
814 1253
813 1254
812 1254
811 1255
810 1255
809 1256
808 1256
807 1257
806 1257
805 1258
804 1258
803 1259
802 1259
801 1260
800 1260
799 1261
798 1261
797 1262
796 1262
795 1263
794 1264
793 1264
792 1264
791 1265
790 1265
789 1266
788 1266
787 1267
786 1267
785 1268
784 1268
783 1269
782 1269
781 1270
780 1270
779 1271
778 1272
777 1272
776 1272
775 1273
774 1273
773 1274
772 1274
771 1275
770 1275
769 1276
768 1276
767 1277
766 1277
765 1278
764 1278
763 1279
762 1279
761 1280
760 1280
759 1281
758 1281
757 1282
756 1282
755 1283
754 1283
753 1284
752 1284
751 1285
750 1285
749 1286
748 1286
747 1287
746 1287
745 1288
744 1288
743 1288
742 1289
741 1289
740 1290
739 1290
738 1291
737 1292
736 1292
735 1293
734 1293
733 1293
732 1294
731 1295
730 1295
729 1296
728 1296
727 1296
726 1297
725 1297
724 1298
723 1298
722 1299
721 1299
720 1300
719 1300
718 1301
717 1301
716 1302
715 1302
714 1303
713 1303
712 1304
711 1304
710 1305
709 1305
708 1306
707 1306
706 1307
705 1307
704 1308
703 1308
702 1309
701 1309
700 1310
699 1310
698 1311
697 1311
696 1312
695 1312
694 1313
693 1313
692 1314
691 1314
690 1315
689 1315
688 1316
687 1316
686 1316
685 1317
684 1318
683 1318
682 1319
681 1319
680 1320
679 1320
678 1320
677 1321
676 1322
675 1322
674 1323
673 1323
672 1324
671 1324
670 1325
669 1325
668 1326
667 1326
666 1326
665 1327
664 1328
663 1328
662 1328
661 1329
660 1330
659 1330
658 1330
657 1331
656 1331
655 1332
654 1332
653 1333
652 1334
651 1334
650 1334
649 1335
648 1336
647 1336
646 1336
645 1337
644 1337
643 1338
642 1338
641 1339
640 1339
639 1340
638 1340
637 1341
636 1341
635 1342
634 1342
633 1343
632 1343
631 1344
630 1344
629 1345
628 1345
627 1346
626 1346
625 1346
624 1347
623 1348
622 1348
621 1348
620 1349
619 1350
618 1350
617 1351
616 1351
615 1352
614 1352
613 1353
612 1353
611 1354
610 1354
609 1355
608 1355
607 1356
606 1356
605 1356
604 1357
603 1357
602 1358
601 1358
600 1359
599 1360
598 1360
597 1360
596 1361
595 1362
594 1362
593 1363
592 1363
591 1364
590 1364
589 1365
588 1365
587 1366
586 1366
585 1366
584 1367
583 1367
582 1368
581 1368
580 1369
579 1370
578 1370
577 1370
576 1371
575 1371
574 1372
573 1373
572 1373
571 1373
570 1374
569 1374
568 1375
567 1376
566 1376
565 1376
564 1377
563 1377
562 1378
561 1378
560 1379
559 1379
558 1380
557 1380
556 1381
555 1381
554 1382
553 1382
552 1383
551 1384
550 1384
549 1384
548 1385
547 1386
546 1386
545 1386
544 1387
543 1388
542 1388
541 1388
540 1389
539 1389
538 1390
537 1391
536 1391
535 1391
534 1392
533 1392
532 1393
531 1393
530 1394
529 1394
528 1395
527 1395
526 1396
525 1396
524 1397
523 1397
522 1398
521 1398
520 1399
519 1399
518 1400
517 1400
516 1401
515 1401
514 1402
513 1402
512 1403
511 1403
510 1404
509 1404
508 1404
507 1405
506 1406
505 1406
504 1407
503 1407
502 1408
501 1408
500 1408
499 1409
498 1410
497 1410
496 1410
495 1411
494 1412
493 1412
492 1412
491 1413
490 1414
489 1414
488 1414
487 1415
486 1416
485 1416
484 1416
483 1416
482 1416
481 1416
480 1416
479 1416
478 1416
477 1415
476 1414
475 1413
474 1412
474 1411
473 1410
472 1409
472 1408
471 1407
470 1406
469 1405
469 1404
468 1403
467 1402
466 1401
466 1400
465 1399
465 1398
464 1397
463 1396
462 1395
462 1394
461 1393
461 1392
460 1391
460 1390
460 1389
459 1388
459 1387
458 1386
458 1385
458 1384
457 1383
457 1382
457 1381
456 1380
456 1379
455 1378
455 1377
454 1376
454 1375
454 1374
453 1373
453 1372
452 1371
452 1370
451 1369
451 1368
450 1367
450 1366
449 1365
449 1364
448 1363
448 1362
448 1361
447 1360
447 1359
447 1358
447 1357
447 1356
446 1355
446 1354
446 1353
445 1352
445 1351
444 1350
444 1349
444 1348
444 1347
443 1346
443 1345
443 1344
442 1343
442 1342
442 1341
441 1340
441 1339
440 1338
440 1337
440 1336
439 1335
439 1334
439 1333
439 1332
439 1331
439 1330
439 1329
439 1328
439 1327
439 1326
439 1325
439 1324
439 1323
439 1322
439 1321
438 1320
438 1319
438 1318
438 1317
438 1316
438 1315
438 1314
437 1313
437 1312
437 1311
437 1310
437 1309
437 1308
436 1307
436 1306
436 1305
436 1304
436 1303
436 1302
436 1301
436 1300
436 1299
435 1298
435 1297
435 1296
435 1295
435 1294
435 1293
435 1292
435 1291
435 1290
434 1289
434 1288
434 1287
434 1286
434 1285
434 1284
434 1283
434 1282
434 1281
434 1280
434 1279
434 1278
434 1277
434 1276
434 1275
434 1274
434 1273
434 1272
434 1271
434 1270
434 1269
434 1268
434 1267
433 1266
433 1265
433 1264
433 1263
433 1262
433 1261
433 1260
433 1259
433 1258
433 1257
433 1256
433 1255
433 1254
433 1253
433 1252
433 1251
433 1250
433 1249
433 1248
433 1247
433 1246
433 1245
433 1244
433 1243
433 1242
433 1241
433 1240
433 1239
433 1238
432 1237
432 1236
432 1235
432 1234
432 1233
432 1232
432 1231
432 1230
432 1229
432 1228
432 1227
432 1226
432 1225
431 1224
431 1223
431 1222
431 1221
431 1220
431 1219
431 1218
430 1217
430 1216
430 1215
430 1214
430 1213
430 1212
430 1211
430 1210
430 1209
430 1208
430 1207
430 1206
429 1205
429 1204
429 1203
429 1202
429 1201
429 1200
429 1199
429 1198
428 1197
428 1196
428 1195
428 1194
428 1193
428 1192
428 1191
428 1190
427 1189
427 1188
427 1187
427 1186
427 1185
426 1184
426 1183
426 1182
425 1181
425 1180
425 1179
424 1178
423 1177
423 1176
423 1175
423 1174
422 1173
422 1172
422 1171
421 1170
421 1169
420 1168
420 1167
420 1166
419 1165
419 1164
418 1163
418 1162
417 1161
417 1160
417 1159
416 1158
416 1157
415 1156
415 1155
414 1154
414 1153
413 1152
413 1151
412 1150
412 1149
411 1148
411 1147
410 1146
410 1145
409 1144
409 1143
408 1142
408 1141
407 1140
406 1139
406 1138
405 1137
405 1136
404 1135
404 1134
403 1133
402 1132
402 1131
401 1130
400 1129
400 1128
399 1127
399 1126
398 1125
397 1124
397 1123
396 1122
395 1121
395 1120
394 1119
393 1118
392 1117
392 1116
391 1115
390 1114
389 1113
389 1112
388 1111
387 1110
387 1109
386 1108
385 1107
384 1106
384 1105
383 1104
382 1103
381 1102
380 1101
380 1100
379 1099
378 1098
377 1097
377 1096
376 1095
375 1094
374 1093
374 1092
373 1091
372 1090
371 1089
370 1088
369 1087
369 1086
368 1085
367 1084
366 1083
365 1082
364 1081
363 1080
362 1079
362 1078
361 1077
360 1076
359 1075
358 1074
357 1073
357 1072
356 1071
355 1070
354 1069
353 1068
352 1067
352 1066
351 1065
350 1064
349 1063
349 1062
348 1061
347 1060
346 1059
345 1058
344 1057
343 1056
343 1055
342 1054
341 1053
340 1052
339 1051
338 1050
337 1049
336 1048
335 1047
334 1046
333 1045
332 1044
331 1043
330 1042
329 1041
328 1040
327 1039
326 1038
325 1037
324 1036
323 1036
322 1035
321 1034
320 1033
319 1032
318 1031
317 1030
316 1029
315 1028
314 1027
313 1026
312 1025
311 1024
310 1023
309 1022
308 1021
307 1020
306 1019
305 1018
304 1017
303 1016
302 1015
301 1014
300 1013
299 1012
298 1011
297 1010
296 1009
295 1008
295 1007
295 1006
295 1005
295 1004
295 1003
295 1002
296 1001
297 1000
298 999
299 998
300 997
301 997
302 996
303 995
304 994
305 993
306 993
307 992
308 991
309 991
310 990
311 989
312 988
313 988
314 987
315 986
316 985
317 985
318 984
319 983
320 983
321 982
322 981
323 980
324 979
325 979
326 978
327 977
328 977
329 976
330 975
331 974
332 973
333 973
334 972
335 971
336 971
337 970
338 969
339 969
340 968
341 967
342 967
343 966
344 965
345 964
346 963
347 963
348 962
349 961
350 961
351 960
352 959
353 959
354 958
355 957
356 957
357 956
358 955
359 955
360 954
361 953
362 953
363 952
364 951
365 951
366 950
367 949
368 949
369 948
370 947
371 947
372 946
373 945
374 945
375 944
376 943
377 943
378 942
379 941
380 941
381 940
382 940
383 939
384 938
385 938
386 937
387 937
388 936
389 935
390 935
391 934
392 934
393 933
394 933
395 932
396 931
397 931
398 930
399 929
400 929
401 928
402 927
403 927
404 926
405 925
406 925
407 925
408 924
409 923
410 923
411 922
412 921
413 921
414 920
415 920
416 919
417 918
418 918
419 917
420 917
421 916
422 915
423 915
424 914
425 913
426 913
427 913
428 912
429 911
430 911
431 910
432 909
433 909
434 908
435 907
436 907
437 907
438 906
439 905
440 905
441 904
442 904
443 903
444 903
445 902
446 901
447 901
448 900
449 899
450 899
451 898
452 897
453 897
454 896
455 895
456 895
457 895
458 894
459 893
460 893
461 892
462 891
463 891
464 890
465 889
466 889
467 888
468 887
469 887
470 886
471 886
472 885
473 884
474 884
475 883
476 882
477 881
478 881
479 880
480 879
481 879
482 878
483 877
484 877
485 876
486 876
487 875
488 874
489 873
490 873
491 872
492 871
493 871
494 870
495 869
496 869
497 868
498 867
499 867
500 866
501 865
502 865
503 864
504 863
505 863
506 862
507 861
508 860
509 859
510 859
511 858
512 857
513 857
514 856
515 855
516 855
517 854
518 853
519 853
520 852
521 851
522 850
523 849
524 849
525 848
526 847
527 846
528 845
529 844
530 843
531 842
532 841
533 840
534 839
535 839
536 838
537 837
538 836
539 835
540 834
541 833
542 832
543 831
544 830
545 829
546 828
547 827
548 826
549 825
549 824
550 823
551 822
552 821
553 820
554 819
555 818
556 817
557 816
558 815
559 814
559 813
560 812
561 811
562 810
563 809
563 808
564 807
565 806
566 805
567 804
568 803
569 802
570 801
570 800
571 799
572 798
573 797
573 796
574 795
574 794
575 793
575 792
576 791
576 790
577 789
578 788
578 787
579 786
579 785
580 784
580 783
581 782
582 781
582 780
583 779
583 778
584 777
584 776
585 775
585 774
586 773
586 772
587 771
588 770
588 769
588 768
589 767
590 766
590 765
590 764
591 763
591 762
592 761
592 760
593 759
593 758
594 757
594 756
594 755
595 754
595 753
595 752
596 751
596 750
597 749
597 748
598 747
598 746
598 745
598 744
599 743
599 742
599 741
599 740
600 739
600 738
600 737
600 736
601 735
601 734
601 733
601 732
602 731
602 730
602 729
602 728
603 727
603 726
603 725
603 724
603 723
604 722
604 721
604 720
604 719
604 718
604 717
604 716
605 715
605 714
605 713
605 712
605 711
605 710
605 709
605 708
606 707
606 706
606 705
606 704
606 703
606 702
606 701
606 700
607 699
607 698
607 697
607 696
607 695
607 694
607 693
607 692
607 691
607 690
608 689
608 688
608 687
608 686
608 685
608 684
608 683
608 682
608 681
608 680
609 679
609 678
609 677
609 676
609 675
609 674
609 673
609 672
609 671
