271 443
272 443
273 443
274 442
275 442
276 441
277 441
278 440
279 440
279 440
280 439
281 439
282 439
283 439
284 439
285 439
286 439
287 440
288 441
289 442
290 443
290 444
291 445
291 446
292 447
293 448
294 449
295 450
296 451
296 452
297 453
298 454
299 455
300 456
301 457
302 458
303 459
304 460
305 461
306 462
307 463
308 464
309 465
310 466
311 467
312 468
313 469
314 470
315 471
316 472
317 473
318 473
319 474
320 475
321 476
322 476
323 477
324 477
325 478
326 478
327 479
328 479
329 480
330 480
331 481
332 481
333 482
334 482
335 483
336 483
337 484
338 484
339 485
340 485
341 485
342 486
343 486
344 486
345 487
346 487
347 487
348 488
349 488
350 488
351 489
352 489
353 490
354 490
355 490
356 491
357 491
358 491
359 491
360 491
361 492
362 492
363 492
364 493
365 493
366 493
367 493
368 493
369 494
370 494
371 494
372 494
373 495
374 495
375 495
376 495
377 495
378 495
379 496
380 496
381 496
382 496
383 496
384 497
385 497
386 497
387 497
388 497
389 497
390 497
391 497
392 498
393 498
394 498
395 498
396 498
397 498
398 498
399 498
400 498
401 498
402 498
403 499
404 499
405 499
406 499
407 499
408 499
409 499
410 499
411 499
412 499
413 499
414 499
415 499
416 499
417 499
418 499
419 499
420 499
421 499
422 499
423 499
424 499
425 499
426 499
427 499
428 499
429 499
430 499
431 499
432 499
433 499
434 499
435 499
436 499
437 498
438 498
439 498
440 498
441 498
442 498
443 498
444 498
445 498
446 498
447 498
448 498
449 498
450 498
451 498
452 498
453 498
454 497
455 497
456 497
457 497
458 497
459 497
460 497
461 497
462 496
463 496
464 496
465 496
466 496
467 495
468 495
469 495
470 495
471 495
472 495
473 494
474 494
475 494
476 494
477 493
478 493
479 493
480 493
481 493
482 492
483 492
484 492
485 492
486 491
487 491
488 491
489 491
490 490
491 490
492 490
493 489
494 489
495 489
496 489
497 488
498 488
499 487
500 487
501 487
502 487
503 486
504 486
505 485
506 485
507 485
508 484
509 484
510 483
511 483
512 483
513 482
514 482
515 481
516 481
517 481
518 480
519 480
520 479
521 479
522 478
523 478
524 477
525 477
526 477
527 476
528 476
529 475
530 475
531 474
532 474
533 473
534 473
535 472
536 472
537 471
538 471
539 470
540 469
541 469
542 469
543 469
544 469
545 469
546 469
547 470
547 471
547 472
548 473
548 474
548 475
548 476
548 477
548 478
548 479
549 480
549 481
549 482
549 483
549 484
549 485
549 486
550 487
550 488
550 489
550 490
550 491
550 492
550 493
550 494
550 495
550 496
550 497
551 498
551 499
551 500
551 501
551 502
551 503
551 504
551 505
551 506
551 507
551 508
551 509
551 510
551 511
552 512
552 513
552 514
552 515
552 516
552 517
552 518
552 519
552 520
552 521
552 522
552 523
552 524
552 525
552 526
552 527
552 528
552 529
552 530
552 531
552 532
552 533
552 534
552 535
552 536
552 537
552 538
552 539
552 540
552 541
552 542
552 543
552 544
552 545
552 546
552 547
552 548
552 549
552 550
552 551
552 552
552 553
552 554
552 555
552 556
552 557
552 558
552 559
552 560
552 561
551 562
550 562
549 563
548 563
547 564
546 564
545 564
544 565
543 565
542 565
541 565
540 566
539 566
538 566
537 566
536 566
535 566
534 566
533 566
532 566
531 566
530 566
529 566
528 566
527 566
526 566
525 566
524 566
523 566
522 566
521 566
520 566
519 566
518 566
517 566
516 566
515 567
514 567
513 567
512 567
511 567
510 567
509 567
508 567
507 567
506 568
505 568
504 568
503 568
502 568
501 568
500 568
499 568
498 568
497 568
496 568
495 568
494 568
493 568
492 569
491 569
490 569
489 569
488 570
487 570
486 570
485 570
484 570
483 570
482 570
481 571
480 571
479 571
478 571
477 572
476 572
475 572
474 572
473 573
472 573
471 573
470 574
469 574
468 574
467 575
466 575
465 575
464 576
463 576
462 576
461 576
460 577
459 577
458 578
457 578
456 578
455 579
454 579
453 580
452 580
451 580
450 581
449 581
448 582
447 582
446 582
445 583
444 583
443 584
442 584
441 585
440 585
439 586
438 586
437 587
436 587
435 588
434 588
433 589
432 589
431 590
430 590
429 591
428 592
427 592
426 592
425 593
424 594
423 594
422 595
421 595
420 596
419 596
418 597
417 598
416 598
415 599
414 600
413 600
412 601
411 601
410 602
409 603
408 604
407 604
406 605
405 606
404 606
403 607
402 608
401 608
400 609
399 610
398 610
397 611
396 612
395 613
394 614
393 614
392 615
391 616
390 617
389 618
388 618
387 619
386 620
385 620
384 621
383 622
382 622
381 623
380 623
379 624
378 625
377 625
376 626
375 627
374 627
373 628
372 629
371 629
370 630
369 631
368 631
367 632
366 633
365 633
364 634
363 634
362 635
361 635
360 636
359 636
358 637
357 638
356 638
355 639
354 639
353 640
352 640
351 640
350 641
349 641
348 642
347 642
346 643
345 643
344 644
343 644
342 645
341 645
340 646
339 646
338 646
337 647
336 647
335 648
334 648
333 649
332 649
331 649
330 650
329 650
328 651
327 651
326 652
325 652
324 653
323 653
322 654
321 654
320 655
319 655
318 656
317 656
316 657
315 657
314 658
313 658
312 659
311 659
310 659
309 660
308 660
307 661
306 661
305 662
304 662
303 662
302 663
301 663
300 664
299 664
298 664
297 665
296 665
295 666
294 666
293 666
292 667
291 667
290 668
289 668
288 668
287 669
286 669
285 670
284 670
283 670
282 671
281 671
280 671
279 672
278 672
277 673
276 673
275 673
274 674
273 674
272 674
271 675
270 675
269 676
268 676
267 676
266 677
265 677
264 678
263 678
262 678
261 679
260 679
259 679
258 680
257 680
256 680
255 680
254 680
253 679
253 678
252 677
252 676
251 675
251 674
250 673
250 672
249 671
249 670
248 669
248 668
247 667
247 666
246 665
246 664
245 663
245 662
244 661
244 660
243 659
243 658
242 657
242 656
241 655
241 654
240 653
240 652
239 651
239 650
238 649
238 648
237 647
237 646
236 645
236 644
235 643
235 642
234 641
234 640
233 639
233 638
232 637
232 636
231 635
231 634
230 633
230 632
229 631
229 630
228 629
228 628
228 627
227 626
227 625
227 624
227 623
226 622
226 621
226 620
225 619
225 618
225 617
225 616
224 615
224 614
224 613
224 612
223 611
223 610
223 609
223 608
223 607
222 606
222 605
222 604
222 603
222 602
221 601
221 600
221 599
221 598
221 597
221 596
221 595
220 594
220 593
220 592
220 591
220 590
220 589
219 588
219 587
219 586
219 585
219 584
219 583
219 582
218 581
218 580
218 579
218 578
218 577
218 576
218 575
218 574
218 573
218 572
218 571
218 570
218 569
218 568
218 567
218 566
218 565
218 564
218 563
218 562
218 561
218 560
218 559
218 558
218 557
218 556
218 555
218 554
218 553
218 552
218 551
218 550
218 549
218 548
218 547
218 546
218 545
218 544
218 543
218 542
218 541
218 540
218 539
218 538
219 537
219 536
219 535
219 534
219 533
219 532
219 531
219 530
219 529
219 528
219 527
219 526
219 525
219 524
219 523
219 522
219 521
219 520
219 519
219 518
219 517
219 516
219 515
219 514
219 513
219 512
219 511
219 510
219 509
219 508
219 507
219 506
219 505
219 504
219 503
219 502
220 501
220 500
220 499
220 498
220 497
219 496
219 495
219 494
219 493
219 492
219 491
219 490
219 489
219 488
219 487
219 486
219 485
219 484
219 483
219 482
219 481
219 480
219 479
219 478
219 477
219 476
219 475
218 474
218 473
218 472
218 471
218 470
218 469
218 468
218 467
218 466
218 465
218 464
218 463
218 462
218 461
219 460
220 460
221 459
222 459
223 459
224 459
225 458
226 458
227 458
228 458
229 457
230 457
231 457
232 457
233 456
234 456
235 456
236 456
237 455
238 455
239 455
240 454
241 454
242 454
243 453
244 453
245 453
246 453
247 452
248 452
249 451
250 451
251 451
252 451
253 450
254 450
255 449
256 449
257 449
258 449
259 448
260 448
261 447
262 447
263 447
264 446
265 446
266 445
267 445
268 445
269 444
270 444
