181  71
182  71
183  71
184  71
185  71
186  71
187  71
188  71
189  71
190  71
191  71
192  71
193  71
194  71
195  71
196  71
197  71
198  71
199  71
200  72
201  72
202  72
203  72
204  72
205  72
206  72
207  72
208  72
209  72
210  73
211  73
212  73
213  73
214  73
215  73
216  74
217  74
218  74
219  74
220  74
221  75
222  75
223  75
224  75
225  76
226  76
227  76
228  76
229  77
230  77
231  77
232  78
233  78
234  78
235  79
236  79
237  79
238  80
239  80
240  80
241  81
242  81
243  82
244  82
245  82
246  83
247  83
248  84
249  84
250  85
251  85
252  86
253  86
254  87
255  87
256  88
257  88
258  89
259  89
260  90
261  91
262  91
263  92
264  92
265  93
266  94
267  94
268  95
269  96
270  96
271  97
272  98
273  98
274  99
275  100
276  101
277  102
278  102
279  103
280  104
281  105
282  106
283  106
284  107
285  108
286  109
287  110
288  111
289  112
290  113
291  114
292  115
293  116
294  117
295  118
296  119
296  120
297  121
298  122
299  123
300  124
301  125
302  126
302  127
303  128
304  129
305  130
305  131
306  132
307  133
307  134
308  135
309  136
310  137
310  138
311  139
312  140
312  141
313  142
313  143
314  144
314  145
315  146
316  147
316  148
317  149
317  150
318  151
318  152
319  153
319  154
320  155
320  156
321  157
321  158
322  159
322  160
323  161
323  162
323  163
324  164
324  165
325  166
325  167
325  168
326  169
326  170
326  171
327  172
327  173
328  174
328  175
328  176
329  177
329  178
329  179
330  180
330  181
330  182
330  183
331  184
331  185
331  186
331  187
332  188
332  189
332  190
332  191
332  192
333  193
333  194
333  195
333  196
333  197
334  198
334  199
334  200
334  201
334  202
334  203
334  204
335  205
335  206
335  207
335  208
335  209
335  210
335  211
335  212
335  213
335  214
336  215
336  216
336  217
336  218
336  219
336  220
336  221
336  222
336  223
336  224
336  225
336  226
336  227
336  228
336  229
336  230
336  231
336  232
336  233
336  234
336  235
336  236
335  237
335  238
335  239
335  240
335  241
335  242
335  243
335  244
335  245
335  246
334  247
334  248
334  249
334  250
334  251
334  252
334  253
333  254
333  255
333  256
333  257
333  258
332  259
332  260
332  261
332  262
332  263
331  264
331  265
331  266
331  267
330  268
330  269
330  270
330  271
329  272
329  273
329  274
328  275
328  276
328  277
327  278
327  279
326  280
326  281
326  282
325  283
325  284
325  285
324  286
324  287
323  288
323  289
323  290
322  291
322  292
321  293
321  294
320  295
320  296
319  297
319  298
318  299
318  300
317  301
317  302
316  303
316  304
315  305
314  306
314  307
313  308
313  309
312  310
312  311
311  312
310  313
310  314
309  315
308  316
307  317
307  318
306  319
305  320
305  321
304  322
303  322
302  322
301  322
300  322
299  322
298  322
297  322
296  322
295  322
294  322
293  322
292  322
291  322
290  322
289  322
288  322
287  322
286  322
285  322
284  322
283  322
282  322
281  322
280  322
279  322
278  322
277  322
276  322
275  322
274  322
273  322
272  322
271  322
270  322
269  322
268  322
267  322
266  322
265  322
264  322
263  322
262  322
261  322
260  322
259  322
258  322
257  322
256  322
255  322
254  322
253  322
252  322
251  322
250  322
249  322
248  322
247  322
246  322
245  322
244  322
243  322
242  322
241  322
240  322
239  322
238  322
237  322
236  322
235  322
234  322
233  322
232  322
231  322
230  322
229  322
228  322
227  322
226  322
225  322
224  322
223  322
222  322
221  322
220  322
219  322
218  322
217  322
216  322
215  322
214  322
213  322
212  322
211  322
210  322
209  322
208  322
207  322
206  322
205  322
204  322
203  322
202  322
201  322
200  322
199  322
198  322
197  322
196  322
195  322
194  322
193  322
192  322
191  322
190  322
189  322
188  322
187  322
186  322
185  322
184  322
183  322
182  322
181  322
180  322
179  322
178  322
177  322
176  322
175  322
174  322
173  322
172  322
171  322
170  322
169  322
168  322
167  322
166  322
165  322
164  322
163  322
162  322
161  322
160  322
159  322
158  322
157  322
156  322
155  322
154  322
153  322
152  322
151  322
150  322
149  322
148  322
147  322
146  322
145  322
144  322
143  322
142  322
141  322
140  322
139  322
138  322
137  322
136  322
135  322
134  322
133  322
132  322
131  322
130  322
129  322
128  322
127  322
126  322
125  322
124  322
123  322
122  322
121  322
120  322
119  322
118  322
117  322
116  322
115  322
114  322
113  322
112  322
111  322
110  322
109  322
108  322
107  322
106  322
105  322
104  322
103  322
102  322
101  322
100  322
99  322
98  322
97  322
96  322
95  322
94  322
93  322
92  322
91  322
90  322
89  322
88  322
87  322
86  322
85  322
84  322
83  322
82  322
81  322
80  322
79  322
78  322
77  322
76  322
75  322
74  322
73  322
72  322
71  322
70  322
69  322
68  322
67  322
66  322
65  322
64  322
63  322
62  322
61  322
60  322
59  322
58  322
57  322
56  322
55  322
54  322
53  322
52  322
51  322
50  322
49  322
48  322
47  322
46  322
45  322
44  322
43  322
42  322
41  322
40  322
39  322
38  322
38  321
38  320
38  319
38  318
38  317
38  316
38  315
38  314
38  313
38  312
38  311
38  310
38  309
38  308
38  307
38  306
38  305
38  304
38  303
38  302
38  301
38  300
38  299
38  298
38  297
38  296
38  295
38  294
38  293
38  292
38  291
38  290
38  289
38  288
38  287
38  286
38  285
38  284
38  283
38  282
38  281
38  280
38  279
38  278
38  277
38  276
38  275
38  274
38  273
38  272
38  271
38  270
38  269
38  268
38  267
38  266
38  265
38  264
38  263
38  262
38  261
38  260
38  259
38  258
38  257
38  256
38  255
38  254
38  253
38  252
38  251
38  250
38  249
38  248
38  247
38  246
38  245
38  244
38  243
38  242
38  241
38  240
38  239
38  238
38  237
38  236
38  235
38  234
38  233
38  232
38  231
38  230
38  229
38  228
38  227
38  226
38  225
38  224
38  223
38  222
38  221
38  220
38  219
38  218
38  217
38  216
38  215
38  214
38  213
38  212
38  211
38  210
38  209
38  208
38  207
38  206
38  205
38  204
38  203
38  202
38  201
38  200
38  199
38  198
38  197
38  196
38  195
38  194
38  193
38  192
38  191
38  190
38  189
38  188
38  187
38  186
38  185
38  184
38  183
38  182
38  181
38  180
38  179
38  178
38  177
38  176
38  175
38  174
38  173
38  172
38  171
38  170
38  169
38  168
38  167
38  166
38  165
38  164
38  163
38  162
38  161
38  160
38  159
38  158
38  157
38  156
38  155
38  154
38  153
38  152
38  151
38  150
38  149
38  148
38  147
38  146
38  145
38  144
38  143
38  142
38  141
38  140
38  139
38  138
38  137
38  136
38  135
38  134
38  133
38  132
38  131
38  130
38  129
39  130
39  131
40  132
41  133
42  134
43  135
44  136
45  137
46  138
47  138
48  139
49  140
50  140
51  141
52  141
53  142
54  142
55  143
56  143
57  143
58  144
59  144
60  144
61  144
62  144
63  145
64  145
65  145
66  145
67  145
68  145
69  145
70  145
71  145
72  145
73  145
74  144
75  144
76  144
77  144
78  144
79  143
80  143
81  143
82  142
83  142
84  141
85  141
86  140
87  140
88  139
89  138
90  138
91  137
92  136
93  135
94  134
95  133
96  132
97  131
97  130
98  129
98  128
99  127
99  126
100  125
100  124
100  123
101  122
101  121
101  120
101  119
102  118
102  117
102  116
102  115
102  114
102  113
102  112
102  111
101  110
101  109
101  108
101  107
100  106
100  105
100  104
101  103
102  102
103  102
104  101
105  100
106  99
107  98
108  98
109  97
110  96
111  96
112  95
113  94
114  94
115  93
116  92
117  92
118  91
119  91
120  90
121  89
122  89
123  88
124  88
125  87
126  87
127  86
128  86
129  85
130  85
131  84
132  84
133  83
134  83
135  82
136  82
137  82
138  81
139  81
140  80
141  80
142  80
143  79
144  79
145  79
146  78
147  78
148  78
149  77
150  77
151  77
152  76
153  76
154  76
155  76
156  75
157  75
158  75
159  75
160  74
161  74
162  74
163  74
164  74
165  73
166  73
167  73
168  73
169  73
170  73
171  72
172  72
173  72
174  72
175  72
176  72
177  72
178  72
179  72
180  72
180  72
