1197 969
1198 968
1199 968
1200 968
1201 967
1202 967
1203 966
1204 966
1205 966
1205 966
1206 965
1207 965
1208 965
1209 965
1210 966
1210 967
1211 968
1211 969
1212 970
1212 971
1213 972
1213 973
1214 974
1214 975
1215 976
1215 977
1215 978
1216 979
1216 980
1217 981
1217 982
1217 983
1218 984
1218 985
1219 986
1219 987
1219 988
1220 989
1220 990
1220 991
1221 992
1221 993
1222 994
1222 995
1222 996
1223 997
1223 998
1223 999
1224 1000
1224 1001
1225 1002
1225 1003
1225 1004
1226 1005
1226 1006
1226 1007
1227 1008
1227 1009
1227 1010
1228 1011
1228 1012
1228 1013
1229 1014
1229 1015
1229 1016
1230 1017
1230 1018
1231 1019
1231 1020
1231 1021
1232 1022
1232 1023
1232 1024
1233 1025
1233 1026
1233 1027
1234 1028
1234 1029
1234 1030
1234 1031
1235 1032
1235 1033
1235 1034
1236 1035
1236 1036
1236 1037
1237 1038
1237 1039
1237 1040
1237 1041
1238 1042
1238 1043
1238 1044
1239 1045
1239 1046
1239 1047
1240 1048
1240 1049
1240 1050
1240 1051
1241 1052
1241 1053
1241 1054
1241 1055
1242 1056
1242 1057
1242 1058
1243 1059
1243 1060
1243 1061
1243 1062
1244 1063
1244 1064
1244 1065
1244 1066
1244 1067
1245 1068
1245 1069
1245 1070
1245 1071
1246 1072
1246 1073
1246 1074
1246 1075
1246 1076
1247 1077
1247 1078
1247 1079
1247 1080
1247 1081
1248 1082
1248 1083
1248 1084
1248 1085
1248 1086
1249 1087
1249 1088
1249 1089
1249 1090
1249 1091
1249 1092
1250 1093
1250 1094
1250 1095
1250 1096
1250 1097
1250 1098
1250 1099
1250 1100
1251 1101
1251 1102
1251 1103
1251 1104
1251 1105
1251 1106
1251 1107
1251 1108
1251 1109
1251 1110
1251 1111
1251 1112
1251 1113
1251 1114
1252 1115
1252 1116
1252 1117
1252 1118
1252 1119
1252 1120
1252 1121
1252 1122
1252 1123
1252 1124
1252 1125
1252 1126
1252 1127
1252 1128
1252 1129
1252 1130
1252 1131
1252 1132
1252 1133
1252 1134
1252 1135
1252 1136
1252 1137
1252 1138
1252 1139
1252 1140
1252 1141
1252 1142
1252 1143
1252 1144
1252 1145
1252 1146
1252 1147
1252 1148
1252 1149
1252 1150
1252 1151
1251 1152
1251 1153
1251 1154
1251 1155
1251 1156
1251 1157
1251 1158
1251 1159
1251 1160
1251 1161
1251 1162
1251 1163
1251 1164
1251 1165
1251 1166
1250 1167
1250 1168
1250 1169
1250 1170
1250 1171
1250 1172
1250 1173
1250 1174
1250 1175
1249 1176
1249 1177
1249 1178
1249 1179
1249 1180
1249 1181
1249 1182
1248 1183
1248 1184
1248 1185
1248 1186
1248 1187
1248 1188
1248 1189
1247 1190
1247 1191
1247 1192
1247 1193
1247 1194
1246 1195
1246 1196
1246 1197
1246 1198
1245 1199
1245 1200
1245 1201
1245 1202
1244 1203
1244 1204
1244 1205
1243 1206
1243 1207
1243 1208
1242 1209
1242 1210
1242 1211
1241 1212
1241 1213
1240 1214
1240 1215
1240 1216
1239 1217
1239 1218
1238 1219
1238 1220
1238 1221
1237 1222
1237 1223
1236 1224
1236 1225
1236 1226
1235 1227
1235 1228
1234 1229
1234 1230
1233 1231
1233 1232
1233 1233
1232 1234
1232 1235
1231 1236
1231 1237
1230 1238
1230 1239
1229 1240
1229 1241
1229 1242
1228 1243
1228 1244
1227 1245
1227 1246
1226 1247
1226 1248
1225 1249
1225 1250
1224 1251
1224 1252
1224 1253
1223 1254
1223 1255
1222 1256
1222 1257
1221 1258
1221 1259
1220 1260
1220 1261
1219 1262
1219 1263
1218 1264
1218 1265
1217 1266
1217 1267
1216 1268
1216 1269
1215 1270
1215 1271
1214 1272
1214 1273
1213 1274
1213 1275
1212 1276
1212 1277
1211 1278
1211 1279
1210 1280
1210 1281
1209 1282
1208 1283
1208 1284
1207 1285
1207 1286
1206 1287
1206 1288
1205 1289
1204 1290
1204 1291
1203 1292
1203 1293
1202 1294
1201 1295
1201 1296
1200 1297
1199 1298
1199 1299
1198 1300
1197 1301
1197 1302
1196 1303
1196 1304
1195 1305
1194 1306
1194 1307
1193 1308
1192 1309
1192 1310
1191 1311
1190 1312
1189 1313
1189 1314
1188 1315
1188 1316
1187 1317
1186 1318
1186 1319
1185 1320
1184 1321
1183 1322
1183 1323
1182 1324
1181 1325
1181 1326
1180 1327
1179 1328
1179 1329
1178 1330
1177 1331
1176 1332
1176 1333
1175 1334
1174 1335
1174 1336
1173 1337
1172 1338
1171 1339
1171 1340
1170 1341
1169 1342
1168 1343
1168 1344
1167 1345
1166 1346
1166 1347
1165 1348
1164 1349
1163 1350
1163 1351
1162 1352
1161 1353
1161 1354
1160 1355
1159 1356
1158 1357
1158 1358
1157 1359
1156 1360
1155 1361
1155 1362
1154 1363
1153 1364
1152 1365
1152 1366
1151 1367
1150 1368
1149 1369
1149 1370
1148 1371
1147 1372
1147 1373
1146 1374
1145 1375
1144 1376
1144 1377
1143 1378
1142 1379
1142 1380
1141 1381
1140 1382
1140 1383
1139 1384
1138 1385
1137 1386
1137 1387
1136 1388
1135 1389
1135 1390
1134 1391
1133 1392
1132 1393
1132 1394
1131 1395
1130 1396
1130 1397
1129 1398
1128 1399
1128 1400
1127 1401
1126 1402
1125 1403
1124 1404
1123 1405
1122 1406
1121 1407
1120 1408
1119 1408
1118 1409
1117 1409
1116 1410
1115 1410
1114 1410
1113 1411
1112 1411
1111 1411
1110 1412
1109 1412
1108 1412
1107 1413
1106 1413
1105 1413
1104 1414
1103 1414
1102 1414
1101 1415
1100 1415
1099 1415
1098 1416
1097 1416
1096 1417
1095 1417
1094 1417
1093 1418
1092 1418
1091 1418
1090 1419
1089 1419
1088 1419
1087 1420
1086 1420
1085 1420
1084 1421
1083 1421
1082 1421
1081 1422
1080 1422
1079 1422
1078 1423
1077 1423
1076 1423
1075 1424
1074 1424
1073 1424
1072 1425
1071 1425
1070 1425
1069 1426
1068 1426
1067 1426
1066 1427
1065 1427
1064 1427
1063 1428
1062 1428
1061 1428
1060 1429
1059 1429
1058 1429
1057 1430
1056 1430
1055 1430
1054 1431
1053 1431
1052 1431
1051 1432
1050 1432
1049 1432
1048 1433
1047 1433
1046 1433
1045 1434
1044 1434
1043 1434
1042 1435
1041 1435
1040 1435
1039 1436
1038 1436
1037 1436
1036 1437
1035 1437
1034 1437
1033 1438
1032 1438
1031 1438
1030 1439
1029 1439
1028 1439
1027 1440
1026 1440
1025 1440
1024 1441
1023 1441
1022 1441
1021 1442
1020 1442
1019 1442
1018 1443
1017 1443
1016 1443
1015 1444
1014 1444
1013 1444
1012 1445
1011 1445
1010 1445
1009 1446
1008 1446
1007 1446
1006 1447
1005 1447
1004 1447
1003 1448
1002 1448
1001 1448
1000 1449
999 1449
998 1449
997 1450
996 1450
995 1450
994 1451
993 1451
992 1451
991 1452
990 1452
989 1452
988 1452
987 1453
986 1453
985 1454
984 1454
983 1454
982 1455
981 1455
980 1455
979 1456
978 1456
977 1456
976 1457
975 1457
974 1457
973 1458
972 1458
971 1458
970 1459
969 1459
968 1459
967 1460
966 1460
965 1461
964 1461
963 1461
962 1462
961 1462
960 1462
959 1463
958 1463
957 1463
956 1464
955 1464
954 1464
953 1465
952 1465
951 1466
950 1466
949 1466
948 1467
947 1467
946 1467
945 1468
944 1468
943 1468
942 1469
941 1469
940 1469
939 1470
938 1470
937 1470
936 1471
935 1471
934 1471
933 1472
932 1472
931 1473
930 1473
929 1473
928 1474
927 1474
926 1474
925 1475
924 1475
923 1476
922 1476
921 1476
920 1477
919 1477
918 1477
917 1478
916 1478
915 1478
914 1479
913 1479
912 1480
911 1480
910 1480
909 1481
908 1481
907 1481
906 1482
905 1482
904 1483
903 1483
902 1483
901 1484
900 1484
899 1484
898 1485
897 1485
896 1486
895 1486
894 1486
893 1487
892 1487
891 1487
890 1488
889 1488
888 1489
887 1489
886 1489
885 1490
884 1490
883 1490
882 1491
881 1491
880 1492
879 1492
878 1492
877 1493
876 1493
875 1493
874 1494
873 1494
872 1495
871 1495
870 1495
869 1496
868 1496
867 1496
866 1497
865 1497
864 1498
863 1498
862 1498
861 1499
860 1499
859 1499
858 1500
857 1500
856 1501
855 1501
854 1501
853 1502
852 1502
851 1502
850 1503
849 1503
848 1504
847 1504
846 1504
845 1505
844 1505
843 1506
842 1506
841 1506
840 1507
839 1507
838 1507
837 1508
836 1508
835 1509
834 1509
833 1509
832 1510
831 1510
830 1511
829 1511
828 1511
827 1512
826 1512
825 1512
824 1513
823 1513
822 1514
821 1514
820 1514
819 1515
818 1515
817 1516
816 1516
815 1516
814 1517
813 1517
812 1518
811 1518
810 1518
809 1519
808 1519
807 1519
806 1520
805 1520
804 1521
803 1521
802 1521
801 1522
800 1522
799 1522
798 1523
797 1523
796 1523
795 1524
794 1524
793 1525
792 1525
791 1525
790 1526
789 1526
788 1526
787 1527
786 1527
785 1527
784 1528
783 1528
782 1529
781 1529
780 1529
779 1530
778 1530
777 1530
776 1531
775 1531
774 1532
773 1532
772 1532
771 1533
770 1533
769 1533
768 1534
767 1534
766 1534
765 1535
764 1535
763 1535
762 1536
761 1536
760 1536
759 1537
758 1537
757 1537
756 1538
755 1538
754 1537
754 1536
754 1535
755 1534
756 1533
757 1532
757 1531
757 1530
758 1529
759 1528
759 1527
760 1526
760 1525
761 1524
761 1523
762 1522
762 1521
762 1520
762 1519
763 1518
764 1517
764 1516
764 1515
765 1514
765 1513
765 1512
765 1511
765 1510
765 1509
766 1508
766 1507
767 1506
767 1505
767 1504
768 1503
768 1502
769 1501
770 1500
771 1499
771 1498
771 1497
772 1496
772 1495
772 1494
773 1493
773 1492
773 1491
773 1490
773 1489
773 1488
774 1487
775 1486
776 1485
776 1484
776 1483
777 1482
777 1481
777 1480
778 1479
778 1478
778 1477
779 1476
779 1475
779 1474
780 1473
780 1472
780 1471
781 1470
781 1469
781 1468
781 1467
781 1466
781 1465
782 1464
783 1463
783 1462
783 1461
783 1460
783 1459
783 1458
784 1457
785 1456
785 1455
785 1454
785 1453
785 1452
785 1451
786 1450
787 1449
787 1448
787 1447
787 1446
787 1445
788 1444
788 1443
788 1442
788 1441
788 1440
789 1439
790 1438
790 1437
790 1436
791 1435
791 1434
791 1433
792 1432
792 1431
792 1430
792 1429
792 1428
792 1427
792 1426
792 1425
792 1424
793 1423
793 1422
793 1421
794 1420
794 1419
794 1418
794 1417
794 1416
795 1415
795 1414
795 1413
795 1412
796 1411
796 1410
796 1409
796 1408
796 1407
797 1406
797 1405
797 1404
797 1403
798 1402
798 1401
798 1400
798 1399
799 1398
799 1397
799 1396
799 1395
799 1394
799 1393
799 1392
799 1391
799 1390
800 1389
800 1388
800 1387
800 1386
800 1385
800 1384
800 1383
800 1382
800 1381
800 1380
800 1379
801 1378
801 1377
801 1376
801 1375
801 1374
801 1373
801 1372
801 1371
802 1370
803 1369
803 1368
803 1367
803 1366
803 1365
802 1364
803 1363
804 1362
804 1361
804 1360
804 1359
804 1358
804 1357
803 1356
803 1355
803 1354
803 1353
804 1352
804 1351
804 1350
804 1349
804 1348
804 1347
804 1346
804 1345
804 1344
804 1343
804 1342
804 1341
805 1340
805 1339
805 1338
805 1337
805 1336
804 1335
805 1334
805 1333
805 1332
805 1331
805 1330
805 1329
805 1328
805 1327
805 1326
805 1325
805 1324
805 1323
805 1322
805 1321
805 1320
805 1319
805 1318
805 1317
805 1316
804 1315
804 1314
804 1313
804 1312
804 1311
804 1310
804 1309
804 1308
804 1307
804 1306
803 1305
803 1304
803 1303
803 1302
803 1301
803 1300
803 1299
803 1298
803 1297
802 1296
802 1295
802 1294
802 1293
802 1292
802 1291
802 1290
802 1289
801 1288
801 1287
801 1286
801 1285
801 1284
801 1283
801 1282
800 1281
800 1280
800 1279
800 1278
800 1277
800 1276
800 1275
800 1274
800 1273
799 1272
799 1271
799 1270
799 1269
799 1268
799 1267
799 1266
799 1265
798 1264
798 1263
798 1262
798 1261
798 1260
798 1259
798 1258
797 1257
797 1256
797 1255
797 1254
797 1253
797 1252
797 1251
796 1250
796 1249
796 1248
796 1247
796 1246
796 1245
796 1244
795 1243
795 1242
795 1241
795 1240
795 1239
795 1238
794 1237
794 1236
794 1235
794 1234
794 1233
794 1232
794 1231
793 1230
793 1229
793 1228
793 1227
793 1226
793 1225
792 1224
792 1223
792 1222
792 1221
792 1220
792 1219
791 1218
791 1217
791 1216
791 1215
791 1214
790 1213
790 1212
790 1211
790 1210
789 1209
789 1208
789 1207
789 1206
788 1205
788 1204
788 1203
787 1202
787 1201
787 1200
787 1199
787 1198
786 1197
786 1196
786 1195
785 1194
785 1193
785 1192
784 1191
784 1190
784 1189
783 1188
783 1187
783 1186
782 1185
782 1184
781 1183
781 1182
781 1181
780 1180
780 1179
779 1178
779 1177
779 1176
778 1175
778 1174
777 1173
777 1172
776 1171
776 1170
776 1169
775 1168
775 1167
775 1166
774 1165
774 1164
773 1163
773 1162
772 1161
772 1160
772 1159
771 1158
771 1157
770 1156
770 1155
769 1154
769 1153
769 1152
768 1151
769 1150
770 1150
771 1150
772 1150
773 1150
774 1149
775 1149
776 1149
777 1149
778 1148
779 1148
780 1148
781 1147
782 1147
783 1147
784 1147
785 1147
786 1146
787 1146
788 1146
789 1145
790 1145
791 1145
792 1145
793 1145
794 1144
795 1144
796 1144
797 1144
798 1143
799 1143
800 1143
801 1143
802 1142
803 1142
804 1142
805 1142
806 1141
807 1141
808 1141
809 1141
810 1140
811 1140
812 1140
813 1140
814 1140
815 1139
816 1139
817 1139
818 1138
819 1138
820 1138
821 1138
822 1138
823 1137
824 1137
825 1137
826 1137
827 1136
828 1136
829 1136
830 1136
831 1136
832 1135
833 1135
834 1135
835 1135
836 1135
837 1134
838 1134
839 1134
840 1134
841 1133
842 1133
843 1133
844 1133
845 1132
846 1132
847 1132
848 1132
849 1132
850 1131
851 1131
852 1131
853 1131
854 1131
855 1130
856 1130
857 1130
858 1130
859 1129
860 1129
861 1129
862 1129
863 1129
864 1128
865 1128
866 1128
867 1128
868 1127
869 1127
870 1127
871 1127
872 1126
873 1126
874 1126
875 1125
876 1125
877 1125
878 1124
879 1124
880 1124
881 1124
882 1123
883 1123
884 1123
885 1122
886 1122
887 1122
888 1122
889 1121
890 1121
891 1121
892 1120
893 1120
894 1120
895 1119
896 1119
897 1119
898 1119
899 1118
900 1118
901 1118
902 1117
903 1117
904 1117
905 1116
906 1116
907 1116
908 1115
909 1115
910 1115
911 1114
912 1114
913 1114
914 1113
915 1113
916 1113
917 1112
918 1112
919 1112
920 1111
921 1111
922 1111
923 1110
924 1110
925 1110
926 1109
927 1109
928 1109
929 1108
930 1108
931 1108
932 1107
933 1107
934 1106
935 1106
936 1106
937 1105
938 1105
939 1105
940 1104
941 1104
942 1103
943 1103
944 1103
945 1102
946 1102
947 1102
948 1101
949 1101
950 1101
951 1100
952 1100
953 1100
954 1099
955 1099
956 1098
957 1098
958 1098
959 1097
960 1097
961 1097
962 1096
963 1096
964 1095
965 1095
966 1095
967 1094
968 1094
969 1094
970 1093
971 1093
972 1092
973 1092
974 1092
975 1091
976 1091
977 1091
978 1090
979 1090
980 1089
981 1089
982 1089
983 1088
984 1088
985 1087
986 1087
987 1087
988 1086
989 1086
990 1085
991 1085
992 1084
993 1084
994 1083
995 1083
996 1083
997 1082
998 1082
999 1081
1000 1081
1001 1080
1002 1080
1003 1079
1004 1079
1005 1079
1006 1078
1007 1078
1008 1077
1009 1077
1010 1076
1011 1076
1012 1075
1013 1075
1014 1074
1015 1074
1016 1073
1017 1073
1018 1072
1019 1072
1020 1071
1021 1071
1022 1070
1023 1070
1024 1069
1025 1069
1026 1068
1027 1068
1028 1067
1029 1067
1030 1066
1031 1066
1032 1065
1033 1065
1034 1064
1035 1064
1036 1063
1037 1063
1038 1062
1039 1061
1040 1061
1041 1060
1042 1060
1043 1059
1044 1059
1045 1058
1046 1058
1047 1057
1048 1057
1049 1056
1050 1055
1051 1055
1052 1054
1053 1054
1054 1053
1055 1053
1056 1052
1057 1051
1058 1051
1059 1050
1060 1050
1061 1049
1062 1048
1063 1048
1064 1047
1065 1046
1066 1046
1067 1045
1068 1044
1069 1044
1070 1043
1071 1042
1072 1042
1073 1041
1074 1040
1075 1040
1076 1039
1077 1038
1078 1038
1079 1037
1080 1036
1081 1036
1082 1035
1083 1034
1084 1033
1085 1033
1086 1032
1087 1031
1088 1031
1089 1030
1090 1029
1091 1029
1092 1028
1093 1027
1094 1027
1095 1026
1096 1025
1097 1024
1098 1024
1099 1023
1100 1022
1101 1022
1102 1021
1103 1020
1104 1020
1105 1019
1106 1018
1107 1018
1108 1017
1109 1016
1110 1016
1111 1015
1112 1014
1113 1014
1114 1013
1115 1013
1116 1012
1117 1011
1118 1011
1119 1010
1120 1010
1121 1009
1122 1009
1123 1008
1124 1007
1125 1007
1126 1006
1127 1006
1128 1005
1129 1005
1130 1004
1131 1003
1132 1003
1133 1002
1134 1002
1135 1001
1136 1000
1137 1000
1138 999
1139 999
1140 998
1141 998
1142 997
1143 996
1144 996
1145 995
1146 995
1147 994
1148 993
1149 993
1150 992
1151 992
1152 991
1153 990
1154 990
1155 989
1156 989
1157 988
1158 988
1159 987
1160 987
1161 986
1162 985
1163 985
1164 984
1165 984
1166 983
1167 983
1168 982
1169 982
1170 981
1171 981
1172 980
1173 980
1174 979
1175 979
1176 978
1177 978
1178 977
1179 977
1180 976
1181 976
1182 975
1183 975
1184 974
1185 974
1186 973
1187 973
1188 973
1189 972
1190 972
1191 971
1192 971
1193 970
1194 970
1195 970
1196 969

