900  80
901  80
902  80
903  80
904  80
905  80
906  80
907  80
908  80
909  80
910  81
911  81
912  81
913  81
914  82
915  82
916  83
917  83
918  83
919  84
920  84
921  85
922  86
923  87
924  88
925  88
926  89
927  90
928  91
929  92
929  93
930  94
930  95
930  96
931  97
931  98
931  99
931  100
931  101
931  102
931  103
931  104
931  105
931  106
930  107
930  108
930  109
930  110
930  111
930  112
930  113
929  114
929  115
929  116
929  117
928  118
928  119
928  120
928  121
929  122
929  123
929  124
929  125
930  126
930  127
931  128
931  129
932  130
933  131
934  132
935  133
936  134
937  134
938  135
939  135
940  135
941  135
942  135
943  135
944  135
945  136
946  136
947  136
948  136
949  136
950  136
951  136
952  136
953  136
954  136
955  136
956  136
957  136
958  135
959  135
960  135
961  135
962  135
963  134
964  134
965  134
966  133
967  133
968  133
969  132
970  132
971  131
972  130
973  130
974  129
975  128
976  127
977  126
978  126
979  125
980  124
981  123
982  122
983  122
984  121
985  120
986  119
987  118
988  117
989  117
990  116
991  115
992  114
993  114
994  114
995  115
996  116
997  117
998  118
998  119
999  120
999  121
1000  122
1000  123
1001  124
1001  125
1002  126
1002  127
1003  128
1003  129
1004  130
1005  131
1005  132
1006  133
1006  134
1007  135
1007  136
1008  137
1008  138
1009  139
1009  140
1010  141
1010  142
1011  143
1011  144
1012  145
1012  146
1013  147
1013  148
1014  149
1014  150
1014  151
1015  152
1015  153
1016  154
1016  155
1016  156
1016  157
1016  158
1017  159
1017  160
1017  161
1017  162
1017  163
1017  164
1018  165
1018  166
1018  167
1018  168
1018  169
1018  170
1018  171
1018  172
1018  173
1018  174
1017  175
1017  176
1017  177
1017  178
1016  179
1016  180
1015  181
1014  182
1013  183
1012  184
1011  184
1010  185
1009  185
1008  186
1007  186
1006  186
1005  186
1004  186
1003  186
1002  186
1001  186
1000  185
999  185
998  185
997  185
996  184
995  184
994  184
993  184
992  183
991  183
990  183
989  183
988  183
987  183
986  183
985  183
984  183
983  183
982  183
981  184
980  184
979  184
978  185
977  186
976  187
975  188
974  189
973  190
973  191
972  192
972  193
971  194
970  195
970  196
970  197
969  198
969  199
969  200
969  201
969  202
969  203
969  204
969  205
969  206
969  207
969  208
969  209
969  210
969  211
969  212
969  213
969  214
969  215
969  216
969  217
969  218
969  219
969  220
970  221
970  222
970  223
970  224
970  225
971  226
971  227
971  228
972  229
972  230
973  231
973  232
973  233
974  234
975  235
976  236
977  237
978  238
978  239
979  240
980  241
981  242
982  243
983  243
984  244
985  244
986  244
987  244
988  244
989  244
990  243
991  243
992  243
993  242
994  242
995  241
996  241
997  240
998  240
999  239
1000  239
1001  239
1002  238
1003  238
1004  238
1005  238
1006  238
1007  238
1008  239
1009  239
1010  240
1011  240
1012  241
1013  241
1014  242
1015  243
1016  244
1017  245
1018  246
1019  247
1020  248
1020  249
1021  250
1021  251
1021  252
1022  253
1022  254
1022  255
1022  256
1022  257
1022  258
1022  259
1022  260
1023  261
1023  262
1023  263
1023  264
1022  265
1022  266
1022  267
1022  268
1022  269
1022  270
1022  271
1022  272
1022  273
1021  274
1021  275
1021  276
1021  277
1021  278
1020  279
1020  280
1020  281
1020  282
1020  283
1019  284
1019  285
1019  286
1018  287
1018  288
1018  289
1017  290
1017  291
1017  292
1016  293
1016  294
1016  295
1015  296
1014  297
1014  298
1014  299
1013  300
1012  301
1012  302
1012  303
1011  304
1011  305
1010  306
1010  307
1010  308
1009  309
1008  310
1007  311
1007  312
1006  313
1005  314
1005  315
1004  316
1003  317
1003  318
1002  319
1002  320
1001  321
1001  322
1000  323
999  324
998  325
997  326
996  327
996  328
995  329
994  330
993  331
992  332
991  333
990  334
989  335
988  335
987  336
986  337
985  338
984  339
983  340
982  341
981  342
980  343
979  343
978  344
977  345
976  345
975  346
974  347
973  347
972  348
971  348
970  349
969  349
968  350
967  350
966  350
965  351
964  351
963  352
962  352
961  352
960  352
959  352
958  353
957  353
956  353
955  353
954  353
953  352
952  352
951  352
950  352
949  351
948  350
947  349
947  348
946  347
945  346
944  345
943  344
943  343
942  342
942  341
941  340
941  339
941  338
941  337
941  336
941  335
941  334
941  333
942  332
942  331
942  330
942  329
942  328
942  327
942  326
943  325
943  324
943  323
943  322
943  321
943  320
943  319
943  318
943  317
943  316
943  315
943  314
942  313
941  312
940  311
939  310
938  309
937  308
936  307
935  307
934  306
933  306
932  305
931  305
930  305
929  305
928  304
927  304
926  304
925  304
924  304
923  303
922  303
921  303
920  303
919  303
918  303
917  303
916  303
915  303
914  303
913  303
912  303
911  303
910  304
909  304
908  304
907  304
906  305
905  305
904  305
903  305
902  306
901  307
900  307
899  308
898  309
897  310
896  311
895  312
895  313
894  314
893  315
892  316
892  317
892  318
892  319
892  320
892  321
892  322
892  323
892  324
893  325
893  326
893  327
893  328
893  329
894  330
894  331
894  332
894  333
895  334
895  335
895  336
895  337
895  338
895  339
895  340
895  341
895  342
895  343
895  344
895  345
894  346
893  347
892  348
891  349
890  350
889  350
888  351
887  352
886  352
885  353
884  353
883  353
882  354
881  354
880  354
879  354
878  354
877  354
876  354
875  354
874  354
873  354
872  353
871  353
870  353
869  352
868  352
867  351
866  351
865  350
864  350
863  349
862  349
861  348
860  348
859  347
858  347
857  346
856  346
855  345
854  345
853  344
852  343
851  343
850  343
849  342
848  341
847  341
846  340
845  340
844  339
843  338
842  338
841  338
840  337
839  337
838  336
837  336
836  335
835  335
834  334
833  334
832  334
831  333
830  332
829  332
828  332
827  331
826  331
825  330
824  330
823  330
822  329
821  329
820  329
819  329
818  328
817  328
816  327
815  327
814  327
813  327
812  326
811  326
810  326
809  325
808  325
807  325
806  324
805  324
804  324
803  323
802  322
801  321
800  320
799  319
799  318
799  317
799  316
799  315
799  314
799  313
799  312
799  311
800  310
800  309
800  308
800  307
800  306
800  305
800  304
800  303
800  302
800  301
800  300
801  299
801  298
801  297
801  296
801  295
801  294
801  293
802  292
802  291
802  290
802  289
802  288
802  287
802  286
802  285
803  284
803  283
803  282
803  281
803  280
803  279
803  278
804  277
804  276
804  275
804  274
804  273
804  272
804  271
805  270
805  269
805  268
805  267
805  266
805  265
805  264
805  263
805  262
806  261
806  260
806  259
806  258
807  257
807  256
808  255
808  254
809  253
810  252
811  251
812  250
813  249
814  248
815  247
816  247
817  247
818  247
819  247
820  247
821  247
822  248
823  248
824  249
825  249
826  250
827  250
828  250
829  250
830  251
831  251
832  251
833  251
834  251
835  251
836  251
837  251
838  251
839  251
840  250
841  250
842  249
843  248
844  247
845  246
846  245
847  244
848  243
848  242
849  241
850  240
850  239
850  238
851  237
851  236
851  235
852  234
852  233
853  232
853  231
853  230
853  229
854  228
854  227
854  226
854  225
854  224
854  223
854  222
854  221
854  220
854  219
854  218
854  217
854  216
854  215
854  214
854  213
854  212
854  211
853  210
853  209
853  208
853  207
852  206
851  205
851  204
850  203
850  202
849  201
848  200
847  199
846  198
845  197
844  197
843  197
842  196
841  196
840  195
839  195
838  195
837  195
836  195
835  195
834  195
833  195
832  195
831  195
830  195
829  195
828  195
827  195
826  195
825  195
824  196
823  196
822  196
821  196
820  196
819  196
818  197
817  197
816  197
815  197
814  197
813  197
812  196
811  196
810  196
809  195
808  195
807  195
806  194
805  193
804  192
803  191
802  190
802  189
801  188
800  187
800  186
799  185
799  184
799  183
799  182
798  181
798  180
798  179
798  178
797  177
797  176
797  175
797  174
797  173
797  172
797  171
797  170
797  169
797  168
797  167
798  166
798  165
798  164
798  163
798  162
798  161
798  160
798  159
798  158
798  157
799  156
799  155
799  154
799  153
799  152
799  151
799  150
800  149
800  148
800  147
800  146
800  145
801  144
801  143
801  142
801  141
802  140
802  139
802  138
802  137
803  136
803  135
803  134
803  133
804  132
804  131
804  130
804  129
805  128
805  127
805  126
805  125
805  124
805  123
806  122
807  121
807  120
808  119
808  118
809  117
810  117
811  117
812  117
813  118
814  118
815  119
816  119
817  120
818  120
819  120
820  121
821  121
822  122
823  122
824  123
825  123
826  124
827  124
828  125
829  125
830  125
831  126
832  126
833  127
834  127
835  128
836  128
837  129
838  129
839  129
840  130
841  130
842  130
843  131
844  131
845  131
846  131
847  132
848  132
849  132
850  133
851  133
852  133
853  133
854  134
855  134
856  134
857  134
858  134
859  134
860  134
861  134
862  135
863  135
864  135
865  135
866  135
867  135
868  135
869  135
870  135
871  135
872  135
873  135
874  134
875  134
876  134
877  133
878  133
879  132
880  132
881  131
882  130
883  129
884  128
884  127
885  126
885  125
885  124
885  123
885  122
885  121
885  120
884  119
884  118
883  117
883  116
883  115
883  114
882  113
882  112
881  111
881  110
880  109
880  108
880  107
880  106
879  105
879  104
879  103
878  102
878  101
878  100
878  99
878  98
878  97
878  96
878  95
879  94
880  93
880  92
881  91
882  90
882  89
883  88
884  87
885  86
886  85
887  84
888  84
889  84
890  83
891  83
892  82
893  82
894  82
895  82
896  81
897  81
898  81
899  81
899  81
