531 1079
531 1078
531 1077
531 1076
531 1075
531 1074
531 1073
531 1072
531 1071
531 1071
532 1070
533 1071
534 1071
535 1071
536 1072
537 1072
538 1072
539 1073
540 1073
541 1073
542 1073
543 1074
544 1074
545 1074
546 1075
547 1075
548 1075
549 1076
550 1076
551 1076
552 1077
553 1077
554 1077
555 1078
556 1078
557 1078
558 1079
559 1079
560 1079
561 1080
562 1080
563 1080
564 1081
565 1081
566 1081
567 1082
568 1082
569 1082
570 1083
571 1083
572 1083
573 1084
574 1084
575 1084
576 1084
577 1085
578 1085
579 1086
580 1086
581 1086
582 1086
583 1087
584 1087
585 1087
586 1088
587 1088
588 1088
589 1088
590 1089
591 1089
592 1090
593 1090
594 1090
595 1091
596 1091
597 1091
598 1092
599 1092
600 1092
601 1093
602 1093
603 1093
604 1094
605 1094
606 1094
607 1094
608 1095
609 1095
610 1095
611 1096
612 1096
613 1096
614 1097
615 1097
616 1097
617 1098
618 1098
619 1098
620 1099
621 1099
622 1099
623 1100
624 1100
625 1100
626 1100
627 1101
628 1101
629 1101
630 1102
631 1102
632 1102
633 1103
634 1103
635 1103
636 1104
637 1104
638 1104
639 1105
640 1105
641 1105
642 1106
643 1106
644 1106
645 1107
646 1107
647 1107
648 1107
649 1108
650 1108
651 1109
652 1109
653 1109
654 1110
655 1110
656 1110
657 1110
658 1111
659 1111
660 1111
661 1112
662 1112
663 1112
664 1113
665 1113
666 1113
667 1114
668 1114
669 1114
670 1115
671 1115
672 1115
673 1116
674 1116
675 1116
676 1116
677 1117
678 1117
679 1117
680 1118
681 1118
682 1118
683 1119
684 1119
685 1119
686 1120
687 1120
688 1120
689 1121
690 1121
691 1121
692 1122
693 1122
694 1122
695 1123
696 1123
697 1123
698 1123
699 1124
700 1124
701 1124
702 1125
703 1125
704 1125
705 1126
706 1126
707 1126
708 1127
709 1127
710 1127
711 1128
712 1128
713 1128
714 1129
715 1129
716 1129
717 1129
718 1130
719 1130
720 1130
721 1131
722 1131
723 1131
724 1132
725 1132
726 1132
727 1133
728 1133
729 1133
730 1134
731 1134
732 1134
733 1135
734 1135
735 1135
736 1136
737 1136
738 1136
739 1137
740 1137
741 1137
742 1138
743 1138
744 1138
745 1139
746 1139
747 1139
748 1139
749 1140
749 1141
748 1142
748 1143
747 1144
747 1145
746 1146
746 1147
745 1148
745 1149
744 1150
744 1151
743 1152
743 1153
742 1154
742 1155
741 1156
741 1157
740 1158
740 1159
740 1160
739 1161
739 1162
738 1163
738 1164
737 1165
737 1166
737 1167
736 1168
736 1169
735 1170
735 1171
735 1172
734 1173
734 1174
734 1175
733 1176
733 1177
732 1178
732 1179
732 1180
731 1181
731 1182
731 1183
730 1184
730 1185
729 1186
729 1187
729 1188
728 1189
728 1190
728 1191
727 1192
727 1193
727 1194
726 1195
726 1196
726 1197
725 1198
725 1199
725 1200
725 1201
724 1202
724 1203
724 1204
723 1205
723 1206
723 1207
723 1208
722 1209
722 1210
722 1211
721 1212
721 1213
721 1214
721 1215
720 1216
720 1217
720 1218
720 1219
720 1220
719 1221
719 1222
719 1223
719 1224
718 1225
718 1226
718 1227
718 1228
717 1229
717 1230
717 1231
717 1232
717 1233
716 1234
716 1235
716 1236
716 1237
716 1238
715 1239
715 1240
715 1241
715 1242
715 1243
714 1244
714 1245
714 1246
714 1247
714 1248
714 1249
714 1250
714 1251
713 1252
713 1253
713 1254
713 1255
713 1256
713 1257
713 1258
713 1259
713 1260
712 1261
712 1262
712 1263
712 1264
712 1265
712 1266
712 1267
712 1268
712 1269
711 1270
711 1271
711 1272
711 1273
711 1274
711 1275
711 1276
711 1277
711 1278
711 1279
711 1280
711 1281
711 1282
711 1283
711 1284
711 1285
711 1286
711 1287
711 1288
711 1289
711 1290
711 1291
711 1292
711 1293
711 1294
711 1295
711 1296
711 1297
711 1298
711 1299
711 1300
711 1301
711 1302
711 1303
711 1304
711 1305
712 1306
712 1307
712 1308
712 1309
712 1310
712 1311
712 1312
712 1313
712 1314
712 1315
712 1316
712 1317
712 1318
713 1319
713 1320
713 1321
713 1322
713 1323
713 1324
713 1325
714 1326
714 1327
714 1328
714 1329
715 1330
715 1331
715 1332
715 1333
716 1334
716 1335
716 1336
717 1337
717 1338
717 1339
718 1340
718 1341
718 1342
719 1343
719 1344
719 1345
720 1346
720 1347
721 1348
721 1349
721 1350
722 1351
722 1352
723 1353
723 1354
723 1355
724 1356
724 1357
724 1358
725 1359
725 1360
726 1361
726 1362
727 1363
727 1364
727 1365
728 1366
728 1367
729 1368
729 1369
730 1370
730 1371
730 1372
731 1373
731 1374
732 1375
732 1376
733 1377
733 1378
734 1379
734 1380
735 1381
735 1382
735 1383
736 1384
736 1385
737 1386
737 1387
738 1388
738 1389
739 1390
739 1391
740 1392
740 1393
741 1394
741 1395
742 1396
742 1397
743 1398
743 1399
744 1400
744 1401
745 1402
745 1403
746 1404
746 1405
747 1406
747 1407
748 1408
748 1409
749 1410
749 1411
750 1412
750 1413
751 1414
751 1415
752 1416
752 1417
753 1418
754 1419
754 1420
755 1421
755 1422
756 1423
756 1424
757 1425
757 1426
758 1427
759 1428
759 1429
760 1430
760 1431
761 1432
761 1433
762 1434
763 1435
763 1436
764 1437
764 1438
765 1439
766 1440
767 1440
768 1441
768 1442
769 1443
769 1444
768 1445
767 1445
766 1445
765 1446
764 1446
763 1445
762 1445
761 1445
760 1445
759 1445
758 1444
757 1444
756 1444
755 1444
754 1444
753 1443
752 1443
751 1443
750 1443
749 1443
748 1443
747 1442
746 1442
745 1442
744 1442
743 1442
742 1442
741 1441
740 1441
739 1441
738 1441
737 1441
736 1441
735 1441
734 1440
733 1440
732 1440
731 1440
730 1440
729 1440
728 1439
727 1439
726 1439
725 1439
724 1439
723 1439
722 1439
721 1439
720 1438
719 1438
718 1438
717 1438
716 1438
715 1438
714 1438
713 1438
712 1438
711 1438
710 1438
709 1438
708 1438
707 1438
706 1438
705 1438
704 1438
703 1438
702 1438
701 1438
700 1438
699 1438
698 1438
697 1438
696 1438
695 1438
694 1438
693 1438
692 1438
691 1438
690 1438
689 1438
688 1438
687 1438
686 1438
685 1438
684 1438
683 1438
682 1438
681 1438
680 1438
679 1438
678 1438
677 1438
676 1438
675 1438
674 1438
673 1438
672 1438
671 1438
670 1438
669 1438
668 1438
667 1438
666 1438
665 1439
664 1439
663 1439
662 1439
661 1439
660 1439
659 1439
658 1439
657 1439
656 1439
655 1439
654 1439
653 1439
652 1439
651 1439
650 1439
649 1439
648 1440
647 1440
646 1440
645 1440
644 1440
643 1440
642 1440
641 1440
640 1440
639 1441
638 1441
637 1441
636 1441
635 1441
634 1441
633 1442
632 1442
631 1442
630 1442
629 1442
628 1442
627 1443
626 1443
625 1443
624 1443
623 1443
622 1443
621 1444
620 1444
619 1444
618 1444
617 1444
616 1445
615 1445
614 1445
613 1445
612 1445
611 1446
610 1446
609 1446
608 1446
607 1446
606 1446
605 1447
604 1447
603 1447
602 1447
601 1447
600 1448
599 1448
598 1448
597 1448
596 1448
595 1448
594 1449
593 1449
592 1449
591 1449
590 1449
589 1450
588 1450
587 1450
586 1450
585 1450
584 1450
583 1451
582 1451
581 1451
580 1451
579 1451
578 1451
577 1452
576 1452
575 1452
574 1452
573 1452
572 1452
571 1453
570 1453
569 1453
568 1453
567 1453
566 1453
565 1454
564 1454
563 1454
562 1454
561 1454
560 1454
559 1455
558 1455
557 1455
556 1455
555 1455
554 1455
553 1456
552 1456
551 1456
550 1456
549 1456
548 1456
547 1457
546 1457
545 1457
544 1457
543 1457
542 1457
541 1458
540 1458
539 1458
538 1458
537 1458
536 1458
535 1459
534 1459
533 1459
532 1459
531 1459
530 1460
529 1460
528 1460
527 1460
526 1460
525 1460
524 1461
523 1461
522 1461
521 1461
520 1461
519 1461
518 1462
517 1462
516 1462
515 1462
514 1462
513 1462
512 1462
511 1463
510 1463
509 1463
508 1463
507 1463
506 1463
505 1464
504 1464
503 1464
502 1464
501 1464
500 1464
499 1464
498 1465
497 1465
496 1465
495 1465
494 1465
493 1465
492 1465
491 1465
490 1466
489 1466
488 1466
487 1466
486 1466
485 1466
484 1466
483 1467
482 1467
481 1467
480 1467
479 1467
478 1467
477 1467
476 1467
475 1468
474 1468
473 1468
472 1468
471 1468
470 1468
469 1468
468 1468
467 1469
466 1469
465 1469
464 1469
463 1469
462 1469
461 1469
460 1469
459 1470
458 1470
457 1470
456 1470
455 1470
454 1470
453 1470
452 1470
451 1471
450 1471
449 1471
448 1471
447 1471
446 1471
445 1471
444 1471
443 1471
442 1471
441 1472
440 1472
439 1472
438 1472
437 1472
436 1472
435 1472
434 1472
433 1472
432 1472
431 1472
430 1472
429 1472
428 1472
427 1472
426 1472
425 1472
424 1472
423 1472
422 1472
421 1472
420 1472
419 1472
418 1472
417 1472
416 1472
415 1472
414 1472
413 1472
412 1472
411 1472
410 1472
409 1472
408 1472
407 1472
406 1471
405 1471
404 1471
403 1471
402 1471
401 1471
400 1471
399 1471
398 1471
397 1470
396 1470
395 1470
394 1470
393 1470
392 1470
391 1469
390 1469
389 1469
388 1469
387 1469
386 1468
385 1468
384 1468
383 1468
382 1467
381 1467
380 1467
379 1467
378 1466
377 1466
376 1466
375 1465
374 1465
373 1464
372 1463
372 1462
372 1461
373 1460
373 1459
373 1458
374 1457
374 1456
375 1455
375 1454
375 1453
376 1452
376 1451
377 1450
377 1449
378 1448
378 1447
379 1446
379 1445
379 1444
380 1443
380 1442
381 1441
381 1440
382 1439
382 1438
383 1437
383 1436
384 1435
384 1434
384 1433
385 1432
386 1431
386 1430
387 1429
387 1428
388 1427
388 1426
389 1425
389 1424
390 1423
390 1422
391 1421
391 1420
392 1419
393 1418
393 1417
394 1416
394 1415
395 1414
395 1413
396 1412
397 1411
397 1410
398 1409
398 1408
399 1407
399 1406
400 1405
401 1404
401 1403
402 1402
402 1401
403 1400
403 1399
404 1398
405 1397
405 1396
406 1395
406 1394
407 1393
408 1392
408 1391
409 1390
409 1389
410 1388
411 1387
411 1386
412 1385
413 1384
413 1383
414 1382
415 1381
415 1380
416 1379
417 1378
417 1377
418 1376
418 1375
419 1374
420 1373
421 1372
421 1371
422 1370
422 1369
423 1368
424 1367
424 1366
425 1365
426 1364
426 1363
427 1362
428 1361
429 1360
429 1359
430 1358
431 1357
431 1356
432 1355
433 1354
433 1353
434 1352
435 1351
436 1350
436 1349
437 1348
438 1347
438 1346
439 1345
440 1344
440 1343
441 1342
442 1341
443 1340
444 1339
444 1338
445 1337
446 1336
447 1335
447 1334
448 1333
449 1332
450 1331
451 1330
451 1329
452 1328
453 1327
454 1326
455 1325
455 1324
456 1323
457 1322
458 1321
458 1320
459 1319
460 1318
461 1317
461 1316
462 1315
463 1314
464 1313
464 1312
465 1311
466 1310
467 1309
468 1308
468 1307
469 1306
470 1305
471 1304
471 1303
472 1302
473 1301
474 1300
474 1299
475 1298
476 1297
476 1296
477 1295
478 1294
478 1293
479 1292
480 1291
480 1290
481 1289
482 1288
482 1287
483 1286
483 1285
484 1284
485 1283
485 1282
486 1281
487 1280
487 1279
488 1278
488 1277
489 1276
489 1275
490 1274
491 1273
491 1272
492 1271
492 1270
493 1269
494 1268
494 1267
495 1266
495 1265
496 1264
496 1263
497 1262
498 1261
498 1260
499 1259
499 1258
500 1257
500 1256
501 1255
501 1254
502 1253
502 1252
503 1251
504 1250
504 1249
504 1248
505 1247
505 1246
506 1245
506 1244
507 1243
507 1242
508 1241
508 1240
509 1239
509 1238
510 1237
510 1236
510 1235
511 1234
511 1233
512 1232
512 1231
512 1230
513 1229
513 1228
514 1227
514 1226
514 1225
515 1224
515 1223
516 1222
516 1221
516 1220
517 1219
517 1218
517 1217
518 1216
518 1215
518 1214
519 1213
519 1212
519 1211
520 1210
520 1209
520 1208
521 1207
521 1206
521 1205
522 1204
522 1203
522 1202
523 1201
523 1200
523 1199
524 1198
524 1197
524 1196
524 1195
525 1194
525 1193
525 1192
525 1191
526 1190
526 1189
526 1188
526 1187
526 1186
527 1185
527 1184
527 1183
527 1182
527 1181
528 1180
528 1179
528 1178
528 1177
528 1176
528 1175
528 1174
529 1173
529 1172
529 1171
529 1170
529 1169
529 1168
529 1167
530 1166
530 1165
530 1164
530 1163
530 1162
530 1161
530 1160
530 1159
531 1158
531 1157
531 1156
531 1155
531 1154
531 1153
531 1152
531 1151
531 1150
531 1149
531 1148
531 1147
532 1146
532 1145
532 1144
532 1143
532 1142
532 1141
532 1140
532 1139
532 1138
532 1137
532 1136
532 1135
532 1134
532 1133
532 1132
532 1131
532 1130
532 1129
532 1128
533 1127
533 1126
533 1125
533 1124
533 1123
533 1122
533 1121
533 1120
533 1119
533 1118
533 1117
533 1116
533 1115
533 1114
533 1113
533 1112
533 1111
533 1110
533 1109
533 1108
533 1107
533 1106
532 1105
533 1104
533 1103
533 1102
533 1101
533 1100
533 1099
533 1098
533 1097
533 1096
532 1095
532 1094
532 1093
532 1092
532 1091
532 1090
532 1089
532 1088
532 1087
532 1086
532 1085
532 1084
532 1083
532 1082
532 1081
532 1080

