1244  704
1245  704
1246  705
1247  705
1248  705
1249  705
1250  705
1251  705
1252  705
1253  705
1254  705
1255  705
1256  706
1257  706
1258  707
1259  707
1260  707
1261  708
1262  708
1263  708
1264  709
1265  709
1266  709
1267  709
1268  710
1269  710
1270  710
1271  711
1272  711
1273  711
1274  712
1275  712
1276  712
1277  713
1278  713
1279  713
1280  713
1281  714
1282  714
1283  714
1284  715
1285  715
1286  715
1287  715
1288  716
1289  716
1290  716
1291  717
1292  717
1293  717
1294  718
1295  718
1296  718
1297  718
1298  719
1299  719
1300  719
1301  720
1302  720
1303  721
1303  722
1303  723
1303  724
1303  725
1303  726
1303  727
1302  728
1302  729
1301  730
1301  731
1301  732
1300  733
1300  734
1300  735
1300  736
1300  737
1299  738
1299  739
1298  740
1298  741
1298  742
1298  743
1298  744
1297  745
1297  746
1297  747
1296  748
1296  749
1296  750
1295  751
1295  752
1295  753
1295  754
1295  755
1294  756
1294  757
1294  758
1294  759
1294  760
1294  761
1294  762
1294  763
1294  764
1294  765
1294  766
1294  767
1294  768
1294  769
1295  770
1295  771
1295  772
1295  773
1296  774
1296  775
1297  776
1297  777
1297  778
1298  779
1298  780
1299  781
1299  782
1300  783
1300  784
1301  785
1302  786
1303  787
1304  788
1305  788
1306  789
1307  789
1308  790
1309  790
1310  790
1311  791
1312  791
1313  791
1314  791
1315  790
1316  790
1317  790
1318  790
1319  790
1320  790
1321  790
1322  790
1323  790
1324  789
1325  789
1326  789
1327  789
1328  788
1329  788
1330  788
1331  788
1332  787
1333  787
1334  787
1335  786
1336  786
1337  786
1338  786
1339  785
1340  785
1341  785
1342  785
1343  785
1344  785
1345  786
1346  786
1347  786
1348  787
1349  788
1350  789
1351  790
1352  791
1353  792
1354  793
1355  794
1356  795
1356  796
1357  797
1357  798
1357  799
1358  800
1358  801
1358  802
1359  803
1359  804
1359  805
1359  806
1359  807
1359  808
1359  809
1359  810
1359  811
1360  812
1360  813
1360  814
1359  815
1359  816
1359  817
1359  818
1359  819
1359  820
1359  821
1359  822
1359  823
1359  824
1358  825
1358  826
1357  827
1357  828
1357  829
1356  830
1356  831
1355  832
1354  833
1353  834
1352  835
1351  836
1350  837
1349  838
1348  839
1347  840
1346  841
1345  841
1344  841
1343  842
1342  842
1341  842
1340  842
1339  842
1338  842
1337  842
1336  842
1335  842
1334  842
1333  842
1332  842
1331  841
1330  841
1329  841
1328  841
1327  841
1326  841
1325  841
1324  841
1323  841
1322  841
1321  841
1320  841
1319  841
1318  841
1317  841
1316  842
1315  842
1314  842
1313  843
1312  844
1311  845
1310  846
1310  847
1309  848
1308  849
1308  850
1308  851
1307  852
1307  853
1307  854
1306  855
1306  856
1306  857
1306  858
1305  859
1305  860
1305  861
1305  862
1305  863
1305  864
1305  865
1305  866
1305  867
1305  868
1305  869
1305  870
1305  871
1305  872
1305  873
1305  874
1305  875
1305  876
1305  877
1305  878
1305  879
1305  880
1305  881
1305  882
1305  883
1305  884
1305  885
1305  886
1305  887
1305  888
1305  889
1306  890
1306  891
1306  892
1306  893
1306  894
1306  895
1306  896
1306  897
1306  898
1306  899
1307  900
1307  901
1307  902
1307  903
1307  904
1307  905
1307  906
1308  907
1308  908
1308  909
1308  910
1308  911
1308  912
1308  913
1308  914
1309  915
1309  916
1309  917
1309  918
1308  919
1307  920
1306  921
1305  921
1304  922
1303  922
1302  922
1301  922
1300  923
1299  923
1298  923
1297  923
1296  923
1295  923
1294  923
1293  923
1292  923
1291  924
1290  924
1289  924
1288  924
1287  924
1286  924
1285  924
1284  924
1283  924
1282  924
1281  925
1280  925
1279  925
1278  925
1277  925
1276  925
1275  925
1274  925
1273  926
1272  926
1271  926
1270  926
1269  926
1268  926
1267  926
1266  926
1265  926
1264  926
1263  926
1262  926
1261  926
1260  927
1259  927
1258  927
1257  927
1256  927
1255  927
1254  928
1253  928
1252  928
1251  928
1250  928
1249  928
1248  928
1247  928
1246  928
1245  928
1244  929
1243  929
1242  929
1241  929
1240  929
1239  929
1238  929
1237  929
1236  929
1235  929
1234  930
1233  930
1232  930
1231  930
1230  930
1229  930
1228  930
1227  931
1226  931
1225  931
1224  931
1223  931
1222  931
1221  931
1220  931
1219  931
1218  932
1217  932
1216  932
1215  932
1214  932
1213  932
1212  932
1211  932
1210  932
1209  933
1208  933
1207  933
1206  933
1205  933
1204  933
1203  933
1202  933
1201  934
1200  934
1199  934
1198  934
1197  934
1196  934
1195  935
1194  935
1193  935
1192  935
1191  935
1190  935
1189  935
1188  935
1187  935
1186  935
1185  936
1184  936
1183  936
1182  936
1181  936
1180  936
1179  936
1178  937
1177  937
1176  937
1175  937
1174  937
1173  937
1172  937
1171  937
1170  938
1169  938
1168  938
1167  938
1166  938
1165  938
1164  938
1163  939
1162  939
1161  939
1160  939
1159  939
1158  939
1157  939
1156  940
1155  940
1154  940
1153  940
1152  940
1151  940
1150  940
1149  939
1148  939
1147  938
1146  937
1146  936
1145  935
1145  934
1144  933
1144  932
1144  931
1143  930
1143  929
1143  928
1143  927
1143  926
1143  925
1143  924
1143  923
1142  922
1142  921
1142  920
1142  919
1142  918
1142  917
1141  916
1141  915
1141  914
1141  913
1141  912
1141  911
1141  910
1141  909
1141  908
1141  907
1141  906
1140  905
1140  904
1140  903
1140  902
1140  901
1140  900
1140  899
1139  898
1139  897
1139  896
1139  895
1139  894
1139  893
1139  892
1139  891
1139  890
1139  889
1139  888
1139  887
1139  886
1138  885
1138  884
1138  883
1138  882
1138  881
1138  880
1138  879
1137  878
1137  877
1137  876
1137  875
1137  874
1136  873
1136  872
1136  871
1136  870
1136  869
1136  868
1136  867
1136  866
1136  865
1135  864
1135  863
1135  862
1135  861
1135  860
1135  859
1135  858
1135  857
1135  856
1135  855
1135  854
1134  853
1134  852
1134  851
1134  850
1134  849
1134  848
1134  847
1133  846
1133  845
1133  844
1133  843
1133  842
1133  841
1133  840
1133  839
1132  838
1132  837
1132  836
1132  835
1132  834
1132  833
1132  832
1132  831
1132  830
1132  829
1132  828
1132  827
1131  826
1131  825
1131  824
1131  823
1131  822
1131  821
1130  820
1130  819
1130  818
1130  817
1130  816
1130  815
1130  814
1130  813
1130  812
1130  811
1130  810
1129  809
1129  808
1129  807
1129  806
1129  805
1129  804
1129  803
1129  802
1129  801
1129  800
1128  799
1128  798
1128  797
1128  796
1128  795
1128  794
1128  793
1127  792
1127  791
1127  790
1127  789
1127  788
1127  787
1127  786
1127  785
1127  784
1126  783
1126  782
1126  781
1126  780
1126  779
1126  778
1126  777
1126  776
1126  775
1125  774
1125  773
1125  772
1125  771
1125  770
1125  769
1125  768
1125  767
1125  766
1124  765
1124  764
1124  763
1124  762
1124  761
1124  760
1124  759
1124  758
1123  757
1123  756
1123  755
1123  754
1123  753
1123  752
1123  751
1123  750
1123  749
1123  748
1123  747
1123  746
1122  745
1122  744
1122  743
1122  742
1122  741
1122  740
1121  739
1121  738
1121  737
1121  736
1121  735
1121  734
1121  733
1121  732
1121  731
1121  730
1121  729
1120  728
1120  727
1120  726
1120  725
1120  724
1120  723
1120  722
1120  721
1120  720
1120  719
1120  718
1121  717
1122  716
1123  716
1124  716
1125  716
1126  715
1127  715
1128  715
1129  715
1130  715
1131  715
1132  715
1133  714
1134  714
1135  714
1136  714
1137  714
1138  714
1139  714
1140  714
1141  714
1142  713
1143  713
1144  713
1145  713
1146  713
1147  713
1148  713
1149  713
1150  713
1151  712
1152  712
1153  712
1154  712
1155  712
1156  712
1157  712
1158  712
1159  712
1160  712
1161  711
1162  711
1163  711
1164  711
1165  711
1166  711
1167  711
1168  711
1169  711
1170  711
1171  711
1172  711
1173  711
1174  711
1175  712
1176  712
1177  713
1178  714
1179  715
1180  716
1181  717
1182  718
1182  719
1183  720
1183  721
1183  722
1183  723
1183  724
1183  725
1183  726
1183  727
1183  728
1183  729
1182  730
1182  731
1182  732
1182  733
1181  734
1181  735
1181  736
1180  737
1180  738
1180  739
1180  740
1179  741
1179  742
1179  743
1179  744
1179  745
1179  746
1179  747
1179  748
1179  749
1180  750
1180  751
1181  752
1181  753
1182  754
1183  755
1184  756
1185  757
1186  758
1187  759
1188  759
1189  760
1190  760
1191  760
1192  761
1193  761
1194  761
1195  761
1196  761
1197  762
1198  762
1199  762
1200  762
1201  762
1202  762
1203  762
1204  762
1205  762
1206  762
1207  762
1208  762
1209  762
1210  762
1211  761
1212  761
1213  761
1214  761
1215  761
1216  760
1217  760
1218  760
1219  759
1220  759
1221  759
1222  759
1223  758
1224  758
1225  757
1226  756
1227  756
1228  755
1229  754
1230  753
1231  752
1232  751
1233  750
1234  749
1234  748
1235  747
1235  746
1235  745
1235  744
1235  743
1235  742
1235  741
1235  740
1235  739
1235  738
1234  737
1234  736
1234  735
1233  734
1233  733
1233  732
1232  731
1232  730
1232  729
1232  728
1231  727
1231  726
1231  725
1231  724
1231  723
1230  722
1230  721
1230  720
1230  719
1230  718
1230  717
1230  716
1231  715
1231  714
1232  713
1232  712
1233  711
1234  710
1234  709
1235  708
1236  707
1237  706
1238  706
1239  705
1240  705
1241  705
1242  705
1243  705
1243  705
