529  1104
530  1104
531  1104
532  1104
533  1104
534  1104
535  1105
536  1105
537  1105
538  1105
539  1105
540  1105
541  1105
542  1105
543  1106
544  1106
545  1106
546  1106
547  1107
548  1107
549  1107
550  1108
551  1108
552  1109
553  1109
554  1110
555  1111
556  1112
557  1112
558  1113
559  1114
559  1115
560  1116
560  1117
561  1118
561  1119
561  1120
561  1121
561  1122
561  1123
561  1124
561  1125
561  1126
561  1127
560  1128
560  1129
560  1130
559  1131
559  1132
559  1133
558  1134
558  1135
557  1136
557  1137
556  1138
556  1139
555  1140
555  1141
555  1142
555  1143
555  1144
555  1145
555  1146
555  1147
555  1148
555  1149
556  1150
556  1151
557  1152
557  1153
558  1154
559  1155
560  1156
561  1156
562  1156
563  1157
564  1157
565  1157
566  1157
567  1158
568  1158
569  1158
570  1158
571  1158
572  1158
573  1158
574  1159
575  1159
576  1159
577  1159
578  1159
579  1159
580  1159
581  1159
582  1159
583  1159
584  1160
585  1160
586  1160
587  1160
588  1160
589  1160
590  1160
591  1160
592  1160
593  1160
594  1160
595  1160
596  1160
597  1160
598  1160
599  1160
600  1160
601  1160
602  1160
603  1160
604  1160
605  1160
606  1160
607  1160
608  1160
609  1160
610  1160
611  1160
612  1161
613  1161
614  1161
615  1161
616  1161
617  1162
618  1163
618  1164
618  1165
618  1166
618  1167
618  1168
618  1169
617  1170
617  1171
617  1172
617  1173
617  1174
617  1175
617  1176
617  1177
617  1178
617  1179
617  1180
617  1181
616  1182
616  1183
616  1184
616  1185
616  1186
616  1187
616  1188
616  1189
616  1190
616  1191
616  1192
616  1193
616  1194
616  1195
616  1196
615  1197
615  1198
615  1199
615  1200
615  1201
615  1202
615  1203
615  1204
615  1205
615  1206
615  1207
615  1208
615  1209
615  1210
615  1211
614  1212
614  1213
614  1214
614  1215
614  1216
614  1217
614  1218
614  1219
614  1220
614  1221
614  1222
613  1223
613  1224
613  1225
613  1226
613  1227
613  1228
613  1229
613  1230
613  1231
613  1232
613  1233
613  1234
613  1235
613  1236
612  1237
612  1238
612  1239
612  1240
612  1241
612  1242
612  1243
612  1244
612  1245
612  1246
612  1247
612  1248
612  1249
612  1250
612  1251
612  1252
611  1253
611  1254
611  1255
611  1256
611  1257
611  1258
611  1259
611  1260
611  1261
611  1262
611  1263
611  1264
610  1265
610  1266
610  1267
610  1268
610  1269
610  1270
610  1271
610  1272
610  1273
610  1274
610  1275
610  1276
609  1277
609  1278
609  1279
609  1280
609  1281
609  1282
609  1283
609  1284
609  1285
609  1286
609  1287
609  1288
609  1289
609  1290
609  1291
609  1292
609  1293
609  1294
609  1295
609  1296
608  1297
608  1298
608  1299
608  1300
608  1301
608  1302
608  1303
608  1304
608  1305
608  1306
607  1307
607  1308
607  1309
607  1310
607  1311
607  1312
607  1313
607  1314
607  1315
607  1316
607  1317
607  1318
607  1319
607  1320
607  1321
607  1322
607  1323
606  1324
606  1325
606  1326
606  1327
606  1328
606  1329
606  1330
606  1331
606  1332
606  1333
606  1334
606  1335
606  1336
606  1337
606  1338
606  1339
606  1340
606  1341
606  1342
606  1343
605  1344
605  1345
605  1346
605  1347
605  1348
605  1349
605  1350
605  1351
605  1352
605  1353
605  1354
604  1355
604  1356
604  1357
603  1358
603  1359
602  1360
601  1361
600  1362
599  1363
598  1363
597  1364
596  1364
595  1364
594  1364
593  1364
592  1364
591  1364
590  1364
589  1364
588  1364
587  1364
586  1364
585  1364
584  1364
583  1364
582  1364
581  1364
580  1364
579  1363
578  1363
577  1363
576  1363
575  1363
574  1363
573  1363
572  1363
571  1363
570  1363
569  1363
568  1363
567  1362
566  1362
565  1362
564  1362
563  1362
562  1362
561  1362
560  1362
559  1362
558  1362
557  1362
556  1362
555  1361
554  1361
553  1361
552  1361
551  1361
550  1361
549  1361
548  1361
547  1361
546  1361
545  1361
544  1361
543  1360
542  1360
541  1360
540  1360
539  1360
538  1360
537  1360
536  1360
535  1360
534  1360
533  1360
532  1359
531  1359
530  1359
529  1359
528  1359
527  1359
526  1359
525  1359
524  1359
523  1359
522  1359
521  1359
520  1358
519  1358
518  1358
517  1358
516  1358
515  1358
514  1358
513  1358
512  1358
511  1358
510  1358
509  1358
508  1358
507  1358
506  1358
505  1357
504  1357
503  1357
502  1357
501  1357
500  1357
499  1357
498  1357
497  1357
496  1357
495  1356
494  1356
493  1356
492  1356
491  1356
490  1356
489  1356
488  1356
487  1356
486  1356
485  1356
484  1356
483  1356
482  1355
481  1355
480  1355
479  1355
478  1355
477  1355
476  1355
475  1355
474  1355
473  1355
472  1355
471  1355
470  1355
469  1355
468  1355
467  1354
466  1354
465  1354
464  1354
463  1354
462  1354
461  1354
460  1354
459  1354
458  1354
457  1354
456  1354
455  1354
454  1354
453  1354
452  1353
451  1353
450  1353
449  1353
448  1353
447  1353
446  1353
445  1353
444  1353
443  1353
442  1353
441  1353
440  1353
439  1353
438  1353
437  1352
436  1352
435  1352
434  1352
433  1352
432  1352
431  1352
430  1352
429  1352
428  1352
427  1352
426  1352
425  1352
424  1352
423  1352
422  1352
421  1352
420  1351
419  1351
418  1351
417  1351
416  1351
415  1351
414  1351
413  1351
412  1350
411  1350
410  1349
409  1348
408  1347
408  1346
408  1345
408  1344
408  1343
407  1342
407  1341
407  1340
407  1339
407  1338
407  1337
407  1336
407  1335
407  1334
407  1333
407  1332
407  1331
407  1330
407  1329
407  1328
407  1327
408  1326
408  1325
408  1324
408  1323
408  1322
408  1321
408  1320
408  1319
408  1318
408  1317
408  1316
408  1315
408  1314
408  1313
408  1312
408  1311
408  1310
408  1309
409  1308
409  1307
409  1306
409  1305
409  1304
409  1303
409  1302
409  1301
409  1300
409  1299
409  1298
409  1297
409  1296
409  1295
409  1294
410  1293
410  1292
410  1291
410  1290
411  1289
411  1288
412  1287
412  1286
413  1285
414  1284
415  1283
416  1282
417  1281
418  1280
419  1279
420  1279
421  1279
422  1279
423  1279
424  1279
425  1279
426  1279
427  1280
428  1280
429  1280
430  1281
431  1281
432  1282
433  1282
434  1282
435  1283
436  1283
437  1284
438  1284
439  1284
440  1284
441  1284
442  1284
443  1284
444  1284
445  1284
446  1284
447  1284
448  1283
449  1283
450  1282
451  1282
452  1281
453  1280
454  1279
455  1278
456  1277
457  1276
458  1275
458  1274
459  1273
460  1272
460  1271
460  1270
461  1269
461  1268
462  1267
462  1266
462  1265
462  1264
463  1263
463  1262
463  1261
463  1260
463  1259
463  1258
463  1257
463  1256
463  1255
463  1254
463  1253
463  1252
463  1251
463  1250
463  1249
463  1248
463  1247
463  1246
463  1245
463  1244
463  1243
463  1242
463  1241
463  1240
462  1239
462  1238
462  1237
462  1236
461  1235
460  1234
459  1233
458  1232
457  1231
456  1230
455  1229
454  1229
453  1229
452  1228
451  1228
450  1228
449  1227
448  1227
447  1227
446  1227
445  1227
444  1227
443  1227
442  1227
441  1228
440  1228
439  1228
438  1228
437  1228
436  1228
435  1229
434  1229
433  1229
432  1229
431  1229
430  1229
429  1229
428  1229
427  1229
426  1229
425  1229
424  1228
423  1228
422  1227
421  1226
420  1225
420  1224
420  1223
419  1222
418  1221
418  1220
417  1219
417  1218
417  1217
416  1216
416  1215
416  1214
415  1213
415  1212
415  1211
415  1210
415  1209
415  1208
415  1207
415  1206
415  1205
415  1204
415  1203
415  1202
416  1201
416  1200
416  1199
416  1198
416  1197
417  1196
417  1195
417  1194
418  1193
418  1192
419  1191
419  1190
419  1189
420  1188
420  1187
421  1186
421  1185
422  1184
422  1183
423  1182
423  1181
424  1180
424  1179
424  1178
425  1177
425  1176
426  1175
426  1174
427  1173
427  1172
428  1171
428  1170
429  1169
429  1168
430  1167
430  1166
430  1165
431  1164
431  1163
432  1162
432  1161
433  1160
433  1159
434  1158
434  1157
435  1156
435  1155
436  1154
436  1153
437  1152
437  1151
438  1150
438  1149
439  1148
439  1147
440  1146
440  1145
441  1144
442  1143
443  1143
444  1143
445  1144
446  1144
447  1144
448  1145
449  1145
450  1145
451  1146
452  1146
453  1146
454  1147
455  1147
456  1147
457  1148
458  1148
459  1148
460  1149
461  1149
462  1149
463  1150
464  1150
465  1150
466  1150
467  1151
468  1151
469  1152
470  1152
471  1152
472  1153
473  1153
474  1153
475  1153
476  1154
477  1154
478  1154
479  1155
480  1155
481  1155
482  1155
483  1156
484  1156
485  1156
486  1156
487  1156
488  1157
489  1157
490  1157
491  1157
492  1157
493  1157
494  1157
495  1157
496  1157
497  1156
498  1156
499  1156
500  1156
501  1155
502  1155
503  1154
504  1154
505  1153
506  1152
507  1151
508  1150
509  1149
510  1148
510  1147
510  1146
510  1145
510  1144
509  1143
509  1142
509  1141
509  1140
509  1139
509  1138
508  1137
508  1136
508  1135
508  1134
508  1133
508  1132
507  1131
507  1130
507  1129
507  1128
507  1127
507  1126
507  1125
507  1124
507  1123
507  1122
507  1121
507  1120
508  1119
508  1118
508  1117
509  1116
509  1115
510  1114
511  1113
512  1112
513  1111
514  1110
515  1109
516  1108
517  1107
518  1107
519  1106
520  1106
521  1106
522  1105
523  1105
524  1105
525  1105
526  1105
527  1105
528  1105
528  1105
