131  96
132  96
133  96
134  96
135  96
136  96
137  96
138  96
139  96
140  96
141  97
142  97
143  97
144  97
145  97
146  98
147  98
148  99
149  99
150  100
151  100
152  101
153  102
154  103
155  104
156  105
157  106
158  107
158  108
159  109
159  110
160  111
160  112
160  113
160  114
160  115
160  116
160  117
160  118
160  119
160  120
160  121
160  122
160  123
160  124
160  125
159  126
159  127
159  128
158  129
158  130
157  131
157  132
156  133
156  134
156  135
156  136
156  137
155  138
155  139
155  140
155  141
155  142
155  143
156  144
156  145
157  146
157  147
158  148
159  149
160  150
161  151
162  152
163  153
164  153
165  154
166  154
167  155
168  155
169  155
170  155
171  156
172  156
173  156
174  156
175  157
176  157
177  157
178  157
179  157
180  157
181  157
182  157
183  157
184  157
185  157
186  157
187  157
188  157
189  156
190  156
191  156
192  156
193  156
194  155
195  155
196  155
197  154
198  154
199  154
200  153
201  152
202  151
203  151
204  150
205  149
206  148
207  147
208  146
209  145
210  144
210  143
211  142
211  141
211  140
211  139
212  138
212  137
212  136
212  135
212  134
212  133
212  132
212  131
212  130
211  129
211  128
211  127
210  126
210  125
209  124
209  123
208  122
208  121
208  120
207  119
207  118
206  117
206  116
206  115
206  114
206  113
207  112
207  111
207  110
208  109
209  108
209  107
210  106
211  105
212  104
213  103
214  103
215  102
216  102
217  102
218  102
219  102
220  102
221  102
222  102
223  102
224  102
225  102
226  103
227  103
228  103
229  103
230  104
231  104
232  104
233  105
234  105
235  106
236  106
237  106
238  107
239  107
240  108
241  108
242  109
243  109
244  109
245  110
246  110
247  111
248  111
249  112
250  112
251  113
252  113
253  114
254  114
255  115
256  115
257  116
258  116
259  117
260  118
261  118
262  119
263  119
264  120
265  120
266  121
267  122
268  122
269  123
270  123
271  124
272  125
273  125
274  126
275  127
276  127
277  128
278  128
279  129
280  130
281  130
282  131
283  132
284  132
285  133
286  133
287  134
287  135
287  136
287  137
287  138
287  139
287  140
286  141
286  142
285  143
285  144
285  145
284  146
284  147
283  148
283  149
283  150
283  151
282  152
282  153
282  154
281  155
281  156
281  157
280  158
280  159
279  160
279  161
278  162
278  163
278  164
278  165
277  166
276  167
275  168
275  169
275  170
274  171
274  172
274  173
274  174
274  175
274  176
273  177
273  178
273  179
272  180
272  181
272  182
272  183
272  184
272  185
271  186
271  187
271  188
271  189
271  190
271  191
271  192
272  193
272  194
272  195
272  196
273  197
274  198
274  199
275  200
276  201
277  202
278  202
279  203
280  203
281  203
282  203
283  203
284  203
285  202
286  202
287  202
288  202
289  202
290  201
291  201
292  201
293  201
294  201
295  200
296  200
297  200
298  199
299  199
300  199
301  199
302  199
303  199
304  199
305  199
306  199
307  199
308  199
309  200
310  200
311  201
312  201
313  201
314  202
315  203
316  204
317  204
318  205
319  206
320  207
321  208
322  209
322  210
323  211
324  212
324  213
325  214
325  215
326  216
326  217
326  218
326  219
327  220
327  221
327  222
327  223
327  224
327  225
327  226
327  227
327  228
327  229
327  230
327  231
327  232
327  233
327  234
327  235
327  236
327  237
327  238
327  239
327  240
326  241
326  242
326  243
326  244
325  245
325  246
325  247
324  248
324  249
323  250
323  251
323  252
322  253
321  254
320  255
319  256
318  257
317  258
316  258
315  259
314  260
313  261
312  261
311  261
310  262
309  262
308  262
307  262
306  262
305  262
304  262
303  262
302  262
301  261
300  261
299  261
298  261
297  261
296  260
295  260
294  260
293  260
292  260
291  260
290  259
289  259
288  259
287  259
286  259
285  259
284  259
283  259
282  259
281  259
280  259
279  260
278  260
277  261
276  262
275  263
274  264
273  265
272  266
272  267
271  268
271  269
271  270
270  271
270  272
270  273
270  274
269  275
269  276
269  277
269  278
269  279
269  280
269  281
269  282
269  283
269  284
270  285
270  286
270  287
270  288
270  289
270  290
270  291
271  292
271  293
271  294
271  295
272  296
272  297
272  298
272  299
273  300
273  301
273  302
274  303
274  304
275  305
275  306
276  307
276  308
277  309
277  310
277  311
278  312
279  313
279  314
280  315
280  316
281  317
281  318
281  319
282  320
283  321
283  322
283  323
284  324
285  325
285  326
285  327
285  328
285  329
285  330
285  331
285  332
285  333
284  334
283  335
282  336
281  337
280  338
279  339
278  339
277  340
276  341
275  342
274  342
273  343
272  344
271  345
270  346
269  347
268  347
267  348
266  349
265  350
264  350
263  351
262  352
261  353
260  354
259  354
258  355
257  356
256  357
255  357
254  358
253  358
252  359
251  360
250  361
249  361
248  362
247  362
246  363
245  364
244  364
243  365
242  365
241  366
240  367
239  367
238  367
237  367
236  368
235  368
234  368
233  368
232  368
231  368
230  368
229  368
228  368
227  368
226  367
225  367
224  366
223  365
222  364
222  363
221  362
220  361
219  360
218  359
218  358
218  357
217  356
217  355
217  354
217  353
217  352
217  351
217  350
217  349
217  348
217  347
217  346
217  345
218  344
218  343
218  342
218  341
219  340
219  339
219  338
219  337
219  336
219  335
220  334
220  333
220  332
220  331
220  330
220  329
219  328
219  327
219  326
218  325
217  324
217  323
216  322
215  321
214  321
213  320
212  319
211  318
210  318
209  317
208  317
207  316
206  316
205  316
204  316
203  315
202  315
201  315
200  315
199  315
198  315
197  315
196  314
195  314
194  314
193  314
192  314
191  314
190  314
189  314
188  315
187  315
186  315
185  315
184  315
183  315
182  316
181  316
180  316
179  317
178  317
177  317
176  318
175  318
174  319
173  320
172  321
171  322
170  323
169  324
168  325
168  326
168  327
167  328
167  329
167  330
166  331
166  332
166  333
166  334
166  335
166  336
166  337
166  338
166  339
166  340
166  341
167  342
167  343
167  344
168  345
169  346
169  347
169  348
170  349
170  350
170  351
170  352
171  353
171  354
171  355
171  356
171  357
171  358
171  359
171  360
171  361
171  362
171  363
171  364
171  365
170  366
169  367
168  368
167  369
166  370
165  370
164  371
163  371
162  372
161  372
160  373
159  373
158  374
157  374
156  375
155  375
154  376
153  376
152  377
151  377
150  377
149  378
148  378
147  379
146  379
145  379
144  380
143  380
142  381
141  381
140  381
139  382
138  382
137  382
136  383
135  383
134  383
133  384
132  384
131  384
130  385
129  385
128  385
127  386
126  386
125  386
124  387
123  387
122  387
121  388
120  388
119  388
118  389
117  389
116  389
115  389
114  389
113  389
112  389
111  389
110  389
109  388
108  387
108  386
108  385
107  384
107  383
107  382
106  381
106  380
105  379
105  378
104  377
103  376
102  375
102  374
102  373
102  372
101  371
100  370
100  369
99  368
99  367
98  366
98  365
97  364
97  363
96  362
96  361
95  360
95  359
95  358
94  357
93  356
93  355
92  354
92  353
92  352
92  351
91  350
91  349
90  348
90  347
89  346
89  345
88  344
88  343
87  342
87  341
87  340
86  339
86  338
85  337
85  336
84  335
84  334
84  333
83  332
83  331
82  330
82  329
81  328
81  327
81  326
80  325
80  324
80  323
79  322
79  321
79  320
78  319
78  318
78  317
77  316
77  315
77  314
76  313
76  312
76  311
76  310
76  309
76  308
75  307
75  306
75  305
75  304
75  303
74  302
74  301
74  300
74  299
74  298
74  297
74  296
74  295
74  294
73  293
73  292
73  291
73  290
73  289
74  288
74  287
74  286
74  285
74  284
74  283
74  282
75  281
75  280
75  279
76  278
76  277
77  276
77  275
78  274
79  273
80  272
81  271
82  270
83  269
84  269
85  269
86  269
87  269
88  269
89  269
90  269
91  270
92  270
93  270
94  271
95  271
96  271
97  271
98  272
99  272
100  272
101  273
102  273
103  273
104  274
105  274
106  274
107  274
108  275
109  275
110  275
111  275
112  275
113  275
114  275
115  275
116  275
117  275
118  275
119  275
120  274
121  273
122  273
123  272
124  272
125  271
126  270
127  269
128  268
129  267
130  266
131  265
131  264
131  263
132  262
132  261
133  260
133  259
134  258
134  257
134  256
135  255
135  254
135  253
135  252
135  251
135  250
135  249
135  248
135  247
135  246
135  245
135  244
135  243
135  242
134  241
134  240
134  239
134  238
133  237
133  236
133  235
133  234
132  233
132  232
132  231
131  230
131  229
131  228
130  227
130  226
129  225
129  224
129  223
128  222
128  221
127  220
126  219
125  218
124  218
123  218
122  217
121  216
120  216
119  215
118  215
117  215
116  214
115  214
114  214
113  215
112  215
111  215
110  215
109  216
108  216
107  217
106  217
105  218
104  218
103  218
102  219
101  219
100  220
99  220
98  220
97  221
96  221
95  221
94  221
93  222
92  222
91  222
90  222
89  222
88  222
87  222
86  222
85  221
84  221
83  221
82  220
81  219
80  218
79  217
78  216
77  215
76  214
75  213
75  212
74  211
73  210
73  209
72  208
72  207
72  206
71  205
71  204
70  203
70  202
69  201
69  200
69  199
68  198
68  197
68  196
67  195
67  194
67  193
67  192
66  191
66  190
66  189
66  188
66  187
65  186
65  185
65  184
65  183
65  182
64  181
64  180
64  179
64  178
64  177
64  176
64  175
64  174
64  173
64  172
64  171
65  170
65  169
65  168
65  167
65  166
66  165
66  164
66  163
66  162
66  161
66  160
67  159
67  158
67  157
67  156
68  155
68  154
68  153
69  152
69  151
69  150
70  149
70  148
71  147
71  146
71  145
72  144
72  143
73  142
73  141
73  140
74  139
75  138
75  137
76  136
76  135
77  134
78  133
78  132
79  131
79  130
80  129
81  128
82  127
83  126
83  125
84  124
85  123
86  122
87  121
88  120
89  119
90  118
91  117
92  116
93  115
94  114
95  113
96  112
97  111
98  110
99  109
100  108
101  107
102  107
103  106
104  105
105  105
106  104
107  104
108  103
109  103
110  102
111  102
112  101
113  101
114  101
115  100
116  100
117  99
118  99
119  99
120  98
121  98
122  98
123  98
124  97
125  97
126  97
127  97
128  97
129  97
130  97
130  97