850  382
851  382
852  382
853  382
854  382
855  383
856  383
857  383
858  383
859  383
860  383
861  384
862  384
863  384
864  384
865  384
866  384
867  384
868  385
869  385
870  385
871  385
872  385
873  386
874  386
875  386
876  386
877  386
878  386
879  387
880  387
881  387
882  387
883  387
884  387
885  388
886  388
887  388
888  388
889  388
890  388
891  389
892  389
893  389
894  389
895  389
896  389
897  390
898  390
899  390
900  390
901  390
902  391
903  391
904  391
905  391
906  391
907  391
908  391
909  392
910  392
911  392
912  392
913  392
914  393
915  393
916  393
917  393
918  393
919  393
920  394
921  394
922  394
923  394
924  394
925  394
926  394
927  395
928  395
929  395
930  395
931  396
932  396
933  396
934  396
935  396
936  396
937  396
938  397
939  397
940  397
941  397
942  397
943  397
944  397
945  398
946  398
947  398
948  398
949  398
950  398
951  399
952  399
953  399
954  399
955  399
956  399
957  400
958  400
959  400
960  400
961  400
962  401
963  401
964  401
965  401
966  401
967  401
968  402
969  402
970  402
971  402
972  402
973  402
974  403
975  403
976  403
977  403
978  403
979  403
980  403
981  404
982  404
983  404
984  404
985  404
986  405
987  405
988  405
989  405
990  405
991  405
992  405
993  406
994  406
995  406
996  406
997  406
998  407
999  408
999  409
999  410
999  411
999  412
999  413
998  414
998  415
998  416
998  417
997  418
997  419
997  420
997  421
997  422
996  423
996  424
996  425
996  426
996  427
996  428
995  429
995  430
995  431
995  432
994  433
994  434
994  435
994  436
994  437
994  438
993  439
993  440
993  441
993  442
993  443
992  444
992  445
992  446
992  447
991  448
991  449
991  450
991  451
991  452
990  453
990  454
990  455
990  456
990  457
990  458
990  459
990  460
989  461
989  462
989  463
989  464
989  465
989  466
989  467
989  468
989  469
989  470
989  471
989  472
989  473
989  474
989  475
989  476
989  477
989  478
990  479
990  480
991  481
991  482
992  483
993  484
994  485
995  486
996  487
997  488
998  489
999  489
1000  490
1001  490
1002  490
1003  490
1004  489
1005  489
1006  489
1007  489
1008  489
1009  489
1010  488
1011  488
1012  488
1013  487
1014  487
1015  487
1016  487
1017  487
1018  487
1019  487
1020  486
1021  486
1022  486
1023  486
1024  487
1025  487
1026  487
1027  487
1028  488
1029  489
1030  489
1031  490
1032  491
1033  492
1034  493
1035  494
1036  495
1037  496
1037  497
1038  498
1038  499
1038  500
1039  501
1039  502
1039  503
1039  504
1040  505
1040  506
1040  507
1040  508
1040  509
1040  510
1040  511
1040  512
1040  513
1040  514
1040  515
1040  516
1040  517
1040  518
1040  519
1040  520
1039  521
1039  522
1039  523
1039  524
1039  525
1039  526
1038  527
1038  528
1038  529
1037  530
1037  531
1037  532
1037  533
1036  534
1036  535
1035  536
1035  537
1035  538
1034  539
1033  540
1032  541
1032  542
1031  543
1030  544
1029  545
1028  546
1027  547
1026  548
1025  548
1024  549
1023  550
1022  550
1021  551
1020  551
1019  552
1018  552
1017  552
1016  552
1015  552
1014  552
1013  553
1012  553
1011  552
1010  552
1009  552
1008  552
1007  552
1006  551
1005  551
1004  551
1003  550
1002  550
1001  549
1000  548
999  548
998  547
997  546
996  546
995  545
994  545
993  544
992  544
991  543
990  543
989  543
988  542
987  542
986  542
985  542
984  542
983  542
982  542
981  543
980  543
979  543
978  544
977  545
976  546
975  547
974  548
973  549
973  550
972  551
971  552
970  553
970  554
969  555
969  556
969  557
968  558
968  559
967  560
967  561
967  562
966  563
966  564
966  565
966  566
965  567
965  568
965  569
965  570
965  571
965  572
965  573
965  574
965  575
965  576
965  577
965  578
966  579
966  580
966  581
966  582
966  583
966  584
966  585
966  586
966  587
966  588
966  589
966  590
966  591
966  592
966  593
967  594
967  595
967  596
967  597
967  598
967  599
967  600
967  601
967  602
967  603
967  604
968  605
968  606
968  607
968  608
968  609
969  610
969  611
969  612
969  613
969  614
969  615
970  616
970  617
970  618
970  619
970  620
971  621
971  622
971  623
971  624
972  625
972  626
972  627
972  628
971  629
971  630
970  631
969  632
968  632
967  633
966  633
965  634
964  634
963  634
962  635
961  635
960  635
959  635
958  636
957  636
956  636
955  636
954  637
953  637
952  637
951  638
950  638
949  638
948  638
947  638
946  638
945  639
944  639
943  639
942  639
941  639
940  640
939  640
938  640
937  640
936  640
935  640
934  640
933  640
932  640
931  640
930  639
929  639
928  639
927  639
926  639
925  638
924  638
923  638
922  638
921  637
920  637
919  637
918  636
917  636
916  635
915  635
914  634
913  633
912  632
911  631
910  630
909  629
909  628
908  627
908  626
907  625
907  624
907  623
907  622
907  621
907  620
907  619
907  618
907  617
907  616
908  615
908  614
909  613
909  612
910  611
910  610
911  609
912  608
912  607
913  606
913  605
914  604
915  603
915  602
916  601
916  600
916  599
917  598
917  597
917  596
917  595
917  594
917  593
917  592
917  591
917  590
917  589
917  588
916  587
915  586
914  585
913  584
912  583
911  582
910  582
909  581
908  580
907  579
906  578
905  578
904  578
903  577
902  577
901  576
900  576
899  575
898  575
897  575
896  575
895  574
894  574
893  574
892  574
891  574
890  573
889  573
888  573
887  573
886  573
885  573
884  573
883  573
882  573
881  573
880  573
879  573
878  573
877  573
876  573
875  574
874  574
873  574
872  575
871  575
870  576
870  577
869  578
868  579
867  580
866  581
866  582
866  583
866  584
865  585
865  586
865  587
865  588
865  589
865  590
865  591
864  592
864  593
864  594
864  595
864  596
864  597
864  598
864  599
864  600
864  601
863  602
863  603
862  604
861  605
860  606
859  607
858  608
857  608
856  609
855  609
854  609
853  609
852  609
851  609
850  609
849  609
848  609
847  609
846  609
845  609
844  609
843  608
842  608
841  608
840  607
839  607
838  606
837  606
836  605
835  605
834  604
833  604
832  603
831  602
830  602
829  601
828  600
827  599
826  599
825  598
824  597
823  597
822  596
821  595
820  594
819  593
818  593
817  592
816  591
815  590
814  590
813  589
812  588
811  587
810  586
809  586
808  585
807  584
806  583
805  582
804  581
803  580
802  579
802  578
801  577
800  576
800  575
800  574
801  573
802  572
802  571
803  570
804  569
805  568
805  567
806  566
807  565
808  564
808  563
809  562
810  561
811  560
811  559
812  558
813  557
813  556
814  555
815  554
815  553
816  552
817  551
817  550
818  549
818  548
819  547
820  546
820  545
821  544
821  543
822  542
822  541
823  540
823  539
824  538
824  537
825  536
825  535
825  534
826  533
826  532
827  531
827  530
827  529
827  528
828  527
828  526
828  525
829  524
829  523
829  522
829  521
829  520
829  519
829  518
829  517
829  516
829  515
829  514
829  513
829  512
829  511
829  510
828  509
828  508
827  507
826  506
825  505
824  505
823  504
822  503
821  503
820  502
819  502
818  501
817  501
816  501
815  501
814  501
813  501
812  501
811  501
810  501
809  501
808  501
807  501
806  501
805  501
804  501
803  501
802  501
801  501
800  501
799  501
798  501
797  501
796  501
795  501
794  501
793  501
792  500
791  500
790  500
789  499
788  498
787  497
786  496
785  495
784  494
783  493
783  492
782  491
781  490
781  489
780  488
780  487
779  486
779  485
779  484
779  483
778  482
778  481
778  480
778  479
777  478
777  477
777  476
778  475
778  474
778  473
778  472
778  471
778  470
778  469
778  468
779  467
779  466
779  465
779  464
779  463
779  462
780  461
780  460
781  459
781  458
781  457
782  456
782  455
783  454
783  453
783  452
784  451
785  450
785  449
786  448
787  447
788  446
788  445
789  444
790  443
791  442
792  441
793  440
794  439
795  438
796  438
797  438
798  437
799  437
800  437
801  437
802  437
803  437
804  438
805  438
806  438
807  439
808  439
809  440
810  440
811  441
812  441
813  442
814  442
815  443
816  443
817  444
818  444
819  445
820  445
821  446
822  446
823  447
824  447
825  447
826  447
827  447
828  447
829  447
830  446
831  446
832  445
833  444
834  443
835  442
836  441
837  440
838  439
838  438
839  437
840  436
840  435
841  434
841  433
841  432
842  431
842  430
843  429
843  428
843  427
844  426
844  425
844  424
844  423
844  422
844  421
844  420
844  419
845  418
845  417
845  416
845  415
845  414
845  413
845  412
846  411
846  410
846  409
846  408
846  407
846  406
846  405
846  404
847  403
847  402
847  401
847  400
847  399
847  398
847  397
847  396
847  395
847  394
848  393
848  392
848  391
848  390
848  389
848  388
848  387
848  386
848  385
848  384
849  383
849  383
