220  113
221  113
222  113
223  113
224  113
225  113
226  113
227  113
228  113
229  113
230  113
231  113
232  113
233  113
234  113
235  113
236  113
237  113
238  113
239  113
240  113
241  113
242  113
243  113
244  113
245  113
246  113
247  113
248  114
249  114
250  114
251  114
252  114
253  114
254  114
255  115
256  115
257  115
258  115
259  115
260  115
261  115
262  115
263  116
264  116
265  116
266  116
267  116
268  116
269  116
270  116
271  117
272  117
273  118
273  119
274  120
274  121
274  122
274  123
274  124
274  125
274  126
273  127
273  128
273  129
273  130
273  131
272  132
272  133
272  134
272  135
272  136
272  137
272  138
272  139
272  140
271  141
271  142
271  143
271  144
271  145
271  146
271  147
271  148
271  149
271  150
271  151
270  152
270  153
269  154
269  155
269  156
269  157
269  158
269  159
269  160
269  161
269  162
269  163
269  164
269  165
269  166
269  167
269  168
269  169
269  170
269  171
269  172
269  173
269  174
269  175
269  176
269  177
269  178
269  179
269  180
269  181
269  182
269  183
269  184
269  185
269  186
269  187
270  188
270  189
270  190
271  191
271  192
271  193
271  194
272  195
273  196
273  197
273  198
274  199
274  200
275  201
276  202
276  203
277  204
278  205
279  205
280  206
281  207
282  207
283  207
284  207
285  207
286  208
287  208
288  208
289  208
290  208
291  208
292  207
293  207
294  207
295  207
296  207
297  206
298  205
299  205
300  205
301  205
302  204
303  204
304  204
305  204
306  203
307  203
308  202
309  202
310  202
311  202
312  202
313  201
314  201
315  201
316  201
317  201
318  201
319  201
320  201
321  202
322  202
323  202
324  203
325  204
326  204
327  204
328  205
329  206
330  207
331  208
332  209
333  210
334  211
335  212
336  213
337  214
337  215
338  216
338  217
338  218
339  219
340  220
340  221
340  222
340  223
340  224
341  225
341  226
341  227
342  228
342  229
342  230
342  231
342  232
342  233
342  234
342  235
342  236
342  237
342  238
342  239
342  240
342  241
342  242
342  243
342  244
342  245
342  246
342  247
342  248
342  249
341  250
341  251
340  252
340  253
340  254
340  255
339  256
339  257
339  258
338  259
338  260
338  261
337  262
337  263
336  264
335  265
335  266
334  267
333  267
332  268
331  268
330  269
329  270
328  270
327  270
326  270
325  271
324  271
323  271
322  271
321  271
320  271
319  271
318  271
317  271
316  271
315  270
314  270
313  270
312  270
311  270
310  270
309  270
308  270
307  270
306  270
305  270
304  270
303  270
302  270
301  271
300  272
299  273
298  274
297  275
296  276
296  277
295  278
294  279
294  280
294  281
294  282
293  283
293  284
293  285
293  286
293  287
293  288
293  289
293  290
293  291
293  292
293  293
293  294
293  295
293  296
293  297
293  298
293  299
293  300
293  301
293  302
293  303
293  304
293  305
293  306
293  307
293  308
293  309
293  310
293  311
293  312
293  313
293  314
293  315
293  316
293  317
293  318
293  319
293  320
293  321
293  322
293  323
293  324
293  325
293  326
293  327
293  328
293  329
293  330
293  331
293  332
293  333
293  334
293  335
293  336
293  337
293  338
293  339
293  340
293  341
293  342
293  343
294  344
294  345
294  346
294  347
294  348
294  349
294  350
294  351
294  352
293  353
292  353
291  354
290  354
289  354
288  354
287  354
286  354
285  354
284  354
283  354
282  354
281  354
280  354
279  354
278  354
277  354
276  354
275  354
274  354
273  355
272  355
271  355
270  355
269  355
268  355
267  355
266  355
265  355
264  356
263  356
262  356
261  357
260  357
259  357
258  358
257  359
256  360
255  361
254  362
253  363
252  364
251  365
251  366
250  367
250  368
250  369
250  370
250  371
251  372
251  373
251  374
251  375
251  376
251  377
252  378
252  379
253  380
253  381
253  382
254  383
254  384
255  385
255  386
255  387
255  388
256  389
257  390
257  391
257  392
257  393
257  394
257  395
258  396
258  397
258  398
258  399
258  400
257  401
257  402
257  403
257  404
257  405
256  406
255  407
255  408
255  409
254  410
253  411
252  412
251  413
250  414
249  414
248  415
247  416
246  417
245  418
244  418
243  419
242  419
241  420
240  420
239  421
238  421
237  421
236  422
235  422
234  422
233  422
232  423
231  423
230  423
229  423
228  424
227  424
226  424
225  424
224  424
223  425
222  425
221  425
220  425
219  425
218  425
217  424
216  424
215  424
214  424
213  424
212  423
211  423
210  423
209  422
208  422
207  421
206  421
205  420
204  419
203  419
202  418
201  417
200  416
199  415
198  414
197  413
197  412
196  411
195  410
195  409
194  408
194  407
194  406
193  405
193  404
193  403
193  402
193  401
193  400
194  399
194  398
194  397
194  396
194  395
194  394
194  393
194  392
195  391
195  390
195  389
195  388
196  387
196  386
196  385
196  384
196  383
197  382
197  381
197  380
197  379
196  378
196  377
195  376
195  375
194  374
193  373
192  372
191  371
190  371
189  371
188  370
187  370
186  369
185  368
184  368
183  368
182  368
181  368
180  367
179  367
178  366
177  366
176  366
175  366
174  366
173  366
172  366
171  365
170  365
169  365
168  365
167  364
166  364
165  364
164  364
163  364
162  364
161  364
160  364
159  364
158  363
157  363
156  363
155  363
154  363
153  363
152  363
151  363
150  362
149  362
148  362
147  361
146  361
145  361
144  361
143  361
142  361
141  361
140  361
139  360
138  359
137  358
137  357
136  356
135  355
135  354
135  353
135  352
135  351
135  350
135  349
135  348
135  347
135  346
135  345
135  344
135  343
135  342
135  341
135  340
135  339
135  338
134  337
134  336
133  335
133  334
133  333
133  332
132  331
131  330
131  329
131  328
131  327
130  326
130  325
130  324
129  323
128  322
128  321
128  320
127  319
126  318
125  317
125  316
124  315
123  314
123  313
122  312
121  311
120  310
119  309
118  309
117  308
116  307
115  307
114  306
113  305
112  305
111  304
110  304
109  304
108  303
107  303
106  303
105  303
104  303
103  303
102  303
101  304
100  304
99  304
98  304
97  304
96  305
95  306
94  306
93  307
92  307
91  308
90  309
89  310
88  311
87  312
86  312
85  313
84  314
83  315
82  315
81  315
80  316
79  316
78  316
77  316
76  317
75  317
74  317
73  317
72  317
71  317
70  316
69  316
68  316
67  316
66  315
65  314
64  313
63  312
62  311
62  310
61  309
60  308
59  307
59  306
58  305
58  304
57  303
57  302
56  301
56  300
55  299
54  298
54  297
53  296
52  295
51  294
51  293
51  292
51  291
50  290
50  289
49  288
49  287
48  286
48  285
48  284
47  283
47  282
46  281
46  280
46  279
46  278
46  277
46  276
45  275
45  274
45  273
45  272
45  271
45  270
45  269
46  268
46  267
46  266
46  265
46  264
46  263
47  262
47  261
48  260
48  259
48  258
49  257
50  256
50  255
50  254
51  253
52  252
53  251
54  250
55  249
56  248
57  247
58  246
59  246
60  246
61  246
62  245
63  245
64  245
65  245
66  245
67  245
68  245
69  245
70  245
71  245
72  245
73  245
74  246
75  246
76  246
77  246
78  246
79  246
80  246
81  246
82  246
83  246
84  246
85  246
86  247
87  247
88  247
89  247
90  247
91  247
92  246
93  246
94  246
95  246
96  245
97  245
98  244
99  243
100  242
101  241
101  240
102  239
102  238
103  237
103  236
103  235
103  234
103  233
104  232
104  231
104  230
104  229
103  228
103  227
103  226
103  225
103  224
103  223
103  222
103  221
103  220
103  219
102  218
102  217
102  216
101  215
101  214
101  213
100  212
100  211
100  210
99  209
99  208
99  207
99  206
98  205
98  204
97  203
96  202
96  201
96  200
96  199
95  198
94  197
94  196
93  195
92  194
92  193
92  192
91  191
90  190
90  189
89  188
89  187
88  186
87  185
87  184
86  183
85  182
85  181
84  180
83  179
83  178
82  177
82  176
81  175
80  174
80  173
79  172
79  171
79  170
80  169
81  168
82  167
83  166
84  166
85  165
86  164
87  163
88  163
89  162
90  162
91  161
92  161
93  160
94  159
95  159
96  158
97  157
98  157
99  156
100  156
101  155
102  155
103  154
104  154
105  153
106  152
107  152
108  151
109  150
110  150
111  150
112  149
113  148
114  148
115  147
116  147
117  147
118  146
119  146
120  145
121  145
122  145
123  144
124  144
125  144
126  143
127  143
128  143
129  143
130  144
131  144
132  144
133  144
134  145
135  145
136  145
137  146
138  147
139  147
140  148
141  149
142  150
143  151
143  152
144  153
144  154
145  155
145  156
145  157
145  158
145  159
145  160
146  161
146  162
146  163
146  164
146  165
146  166
146  167
146  168
146  169
146  170
146  171
146  172
146  173
145  174
145  175
145  176
145  177
146  178
146  179
146  180
147  181
148  182
148  183
149  184
150  185
150  186
151  187
152  188
153  189
154  189
155  189
156  189
157  190
158  190
159  191
160  191
161  191
162  191
163  191
164  192
165  192
166  191
167  191
168  191
169  191
170  191
171  191
172  191
173  191
174  191
175  191
176  190
177  190
178  190
179  189
180  189
181  189
182  189
183  189
184  189
185  189
186  188
187  188
188  187
189  187
190  186
191  186
192  185
193  184
194  183
195  182
196  182
197  181
198  180
199  179
200  179
201  178
202  177
203  176
204  175
204  174
205  173
206  172
206  171
206  170
207  169
207  168
207  167
207  166
207  165
207  164
207  163
207  162
207  161
207  160
207  159
207  158
206  157
205  156
204  155
204  154
203  153
202  152
202  151
201  150
201  149
200  148
199  147
198  146
197  145
197  144
197  143
196  142
195  141
195  140
195  139
195  138
195  137
195  136
195  135
195  134
195  133
195  132
196  131
196  130
196  129
197  128
197  127
198  126
199  125
200  124
201  123
202  122
203  121
204  120
205  119
206  118
207  117
208  116
209  116
210  115
211  115
212  115
213  115
214  114
215  114
216  114
217  114
218  114
219  114
219  114