457  60
458  60
459  60
460  60
461  60
462  60
463  60
464  60
465  60
466  61
467  61
468  61
469  61
470  62
471  62
472  62
473  63
474  63
475  63
476  64
477  64
478  65
479  65
480  66
481  67
482  67
483  68
484  69
485  70
486  71
487  72
487  73
488  74
488  75
488  76
488  77
488  78
489  79
489  80
489  81
489  82
489  83
489  84
489  85
489  86
489  87
489  88
489  89
488  90
488  91
488  92
488  93
488  94
488  95
488  96
488  97
488  98
488  99
487  100
487  101
487  102
487  103
487  104
487  105
487  106
487  107
488  108
489  109
490  110
491  111
492  112
493  113
494  113
495  114
496  114
497  114
498  114
499  114
500  114
501  114
502  114
503  114
504  114
505  114
506  114
507  114
508  114
509  114
510  114
511  113
512  113
513  113
514  112
515  112
516  112
517  111
518  111
519  111
520  110
521  109
522  109
523  108
524  107
525  107
526  106
527  105
528  104
529  103
530  102
531  102
532  101
533  100
534  99
535  98
536  97
537  96
538  96
539  95
540  94
541  93
542  92
543  92
544  91
545  90
546  89
547  88
548  87
549  86
550  86
551  85
552  84
553  83
554  82
555  81
556  80
557  80
558  80
559  80
560  80
561  80
562  80
563  81
564  81
565  82
566  83
567  84
568  84
569  85
570  86
571  86
572  87
573  88
574  88
575  89
576  89
577  90
578  90
579  91
580  91
581  91
582  92
583  93
584  93
585  93
586  94
587  94
588  95
589  95
590  95
591  96
592  96
593  96
594  96
595  96
596  97
597  97
598  97
599  98
599  99
599  100
599  101
599  102
599  103
599  104
599  105
599  106
599  107
599  108
598  109
598  110
598  111
598  112
598  113
598  114
598  115
597  116
597  117
597  118
597  119
597  120
596  121
596  122
596  123
596  124
596  125
596  126
595  127
595  128
595  129
595  130
595  131
595  132
594  133
594  134
594  135
594  136
594  137
593  138
593  139
593  140
593  141
593  142
592  143
592  144
592  145
592  146
592  147
592  148
591  149
591  150
591  151
591  152
591  153
591  154
591  155
590  156
590  157
590  158
589  159
589  160
589  161
589  162
589  163
588  164
588  165
588  166
588  167
587  168
587  169
586  170
586  171
585  172
584  173
584  174
583  175
582  176
581  176
580  177
579  177
578  177
577  177
576  177
575  177
574  177
573  177
572  177
571  177
570  177
569  176
568  176
567  176
566  175
565  175
564  174
563  174
562  173
561  173
560  173
559  172
558  172
557  171
556  171
555  171
554  170
553  170
552  170
551  170
550  170
549  170
548  170
547  170
546  170
545  170
544  170
543  170
542  170
541  171
540  171
539  172
538  173
537  174
536  175
535  176
534  177
533  178
532  179
531  180
531  181
531  182
530  183
530  184
529  185
529  186
529  187
528  188
528  189
528  190
528  191
528  192
528  193
528  194
527  195
527  196
527  197
527  198
527  199
527  200
527  201
527  202
528  203
528  204
528  205
528  206
528  207
529  208
529  209
530  210
530  211
530  212
530  213
531  214
531  215
532  216
532  217
532  218
533  219
534  220
535  221
536  222
537  223
538  224
539  225
540  226
541  226
542  226
543  227
544  227
545  227
546  227
547  228
548  228
549  228
550  228
551  228
552  228
553  228
554  227
555  227
556  227
557  226
558  226
559  226
560  225
561  225
562  225
563  225
564  224
565  224
566  224
567  223
568  223
569  223
570  222
571  222
572  222
573  221
574  221
575  221
576  221
577  221
578  221
579  221
580  221
581  221
582  222
583  222
584  223
585  224
586  225
587  226
588  227
589  228
589  229
590  230
590  231
591  232
592  233
592  234
593  235
594  236
594  237
595  238
595  239
595  240
596  241
596  242
596  243
597  244
597  245
597  246
598  247
598  248
598  249
598  250
599  251
599  252
599  253
599  254
600  255
600  256
600  257
600  258
600  259
600  260
600  261
600  262
600  263
600  264
600  265
600  266
600  267
600  268
600  269
600  270
600  271
600  272
600  273
600  274
600  275
600  276
600  277
600  278
600  279
600  280
600  281
600  282
600  283
600  284
599  285
599  286
599  287
599  288
599  289
598  290
598  291
598  292
598  293
597  294
597  295
597  296
597  297
596  298
596  299
596  300
596  301
595  302
595  303
595  304
595  305
594  306
594  307
594  308
594  309
593  310
592  311
591  311
590  311
589  311
588  311
587  311
586  311
585  311
584  311
583  311
582  311
581  310
580  310
579  310
578  309
577  309
576  309
575  308
574  308
573  308
572  307
571  307
570  307
569  306
568  306
567  305
566  305
565  305
564  304
563  304
562  304
561  303
560  303
559  303
558  303
557  302
556  302
555  302
554  301
553  301
552  301
551  301
550  300
549  300
548  300
547  300
546  299
545  299
544  299
543  299
542  299
541  299
540  299
539  299
538  299
537  299
536  299
535  299
534  299
533  299
532  299
531  299
530  299
529  299
528  300
527  300
526  300
525  301
524  302
523  302
522  303
521  304
520  305
519  306
519  307
519  308
520  309
520  310
520  311
520  312
520  313
520  314
520  315
521  316
521  317
521  318
521  319
521  320
522  321
522  322
522  323
522  324
523  325
523  326
523  327
523  328
523  329
523  330
523  331
523  332
523  333
523  334
523  335
522  336
522  337
521  338
521  339
520  340
519  341
518  342
517  343
516  344
515  344
514  345
513  346
512  346
511  347
510  347
509  347
508  348
507  348
506  348
505  349
504  349
503  349
502  349
501  350
500  350
499  350
498  350
497  350
496  350
495  350
494  350
493  350
492  350
491  350
490  350
489  350
488  350
487  350
486  350
485  349
484  349
483  349
482  349
481  349
480  348
479  348
478  348
477  347
476  347
475  346
474  346
473  345
472  344
471  343
470  342
469  341
469  340
468  339
468  338
468  337
467  336
466  335
465  334
465  333
465  332
465  331
465  330
465  329
465  328
465  327
465  326
465  325
465  324
465  323
466  322
466  321
467  320
467  319
467  318
467  317
467  316
467  315
467  314
467  313
467  312
468  311
468  310
468  309
468  308
468  307
467  306
467  305
467  304
466  303
466  302
465  301
464  300
463  299
462  298
461  298
460  297
459  297
458  297
457  296
456  296
455  296
454  296
453  296
452  296
451  295
450  295
449  295
448  295
447  295
446  295
445  295
444  295
443  295
442  296
441  296
440  296
439  296
438  296
437  296
436  297
435  297
434  297
433  297
432  297
431  298
430  299
429  299
428  299
427  299
426  300
425  301
424  301
423  301
422  302
421  302
420  303
419  304
418  304
417  305
416  305
415  306
414  306
413  307
412  308
411  308
410  309
409  310
408  311
407  311
406  312
405  312
404  313
403  314
402  314
401  314
400  314
399  314
398  314
397  314
396  313
395  312
394  311
393  310
392  309
392  308
391  307
391  306
390  305
390  304
389  303
388  302
387  301
386  300
385  299
385  298
384  297
383  296
383  295
382  294
382  293
381  292
381  291
380  290
380  289
380  288
379  287
379  286
379  285
378  284
378  283
378  282
377  281
377  280
377  279
376  278
376  277
376  276
375  275
375  274
375  273
374  272
374  271
374  270
374  269
373  268
373  267
373  266
373  265
373  264
373  263
373  262
373  261
373  260
373  259
373  258
373  257
373  256
374  255
374  254
375  253
375  252
376  251
376  250
377  249
377  248
378  247
379  246
380  245
381  245
382  244
383  244
384  243
385  243
386  243
387  243
388  243
389  243
390  243
391  243
392  243
393  243
394  244
395  244
396  244
397  244
398  244
399  244
400  244
401  244
402  244
403  244
404  244
405  244
406  244
407  244
408  244
409  244
410  244
411  243
412  243
413  243
414  242
415  241
416  240
417  239
418  238
419  237
420  236
421  235
422  234
423  233
423  232
423  231
423  230
424  229
424  228
424  227
424  226
425  225
425  224
425  223
425  222
425  221
425  220
425  219
425  218
425  217
425  216
424  215
424  214
424  213
424  212
424  211
424  210
423  209
423  208
423  207
423  206
422  205
422  204
422  203
421  202
420  201
419  200
418  199
417  198
416  197
415  196
414  195
413  194
412  193
411  192
410  192
409  191
408  191
407  191
406  190
405  190
404  189
403  189
402  189
401  189
400  189
399  189
398  189
397  189
396  189
395  189
394  189
393  189
392  189
391  190
390  190
389  191
388  191
387  191
386  191
385  192
384  192
383  193
382  193
381  193
380  194
379  194
378  194
377  195
376  195
375  195
374  195
373  195
372  195
371  195
370  194
369  194
368  193
367  192
366  191
366  190
365  189
364  188
364  187
364  186
363  185
363  184
363  183
362  182
362  181
362  180
362  179
362  178
362  177
362  176
362  175
362  174
362  173
362  172
362  171
362  170
362  169
362  168
362  167
362  166
362  165
362  164
362  163
363  162
363  161
363  160
363  159
363  158
364  157
364  156
364  155
364  154
365  153
365  152
365  151
365  150
365  149
366  148
366  147
366  146
366  145
366  144
367  143
367  142
367  141
367  140
367  139
368  138
368  137
368  136
368  135
369  134
369  133
369  132
369  131
369  130
370  129
370  128
370  127
370  126
371  125
372  125
373  125
374  125
375  125
376  126
377  126
378  126
379  126
380  126
381  127
382  127
383  127
384  127
385  127
386  128
387  128
388  128
389  128
390  128
391  129
392  129
393  129
394  129
395  129
396  129
397  129
398  129
399  129
400  129
401  129
402  129
403  129
404  129
405  129
406  129
407  129
408  129
409  128
410  128
411  128
412  128
413  128
414  127
415  127
416  127
417  126
418  126
419  126
420  126
421  125
422  125
423  124
424  123
425  123
426  122
427  121
428  121
429  120
430  119
431  118
432  118
433  117
434  116
434  115
435  114
435  113
435  112
435  111
434  110
434  109
434  108
434  107
434  106
434  105
434  104
434  103
433  102
433  101
432  100
432  99
432  98
432  97
431  96
431  95
431  94
430  93
430  92
430  91
430  90
429  89
429  88
429  87
429  86
428  85
428  84
428  83
428  82
428  81
429  80
429  79
429  78
430  77
430  76
431  75
431  74
432  73
433  72
434  71
435  70
436  69
437  68
438  67
439  66
440  66
441  65
442  65
443  65
444  64
445  64
446  63
447  63
448  63
449  62
450  62
451  62
452  61
453  61
454  61
455  61
456  61
456  61