197  1668
198  1668
199  1668
200  1669
201  1669
202  1670
203  1670
204  1670
205  1670
206  1671
207  1671
208  1671
209  1671
210  1671
211  1671
212  1672
213  1672
214  1672
215  1672
216  1672
217  1672
218  1673
219  1673
220  1673
221  1673
222  1673
223  1673
224  1673
225  1673
226  1673
227  1673
228  1673
229  1673
230  1673
231  1673
232  1673
233  1673
234  1673
235  1673
236  1673
237  1672
238  1672
239  1672
240  1672
241  1672
242  1672
243  1672
244  1671
245  1671
246  1671
247  1672
248  1673
249  1674
249  1675
249  1676
250  1677
251  1678
251  1679
251  1680
251  1681
251  1682
252  1683
252  1684
252  1685
253  1686
253  1687
253  1688
253  1689
254  1690
254  1691
254  1692
255  1693
255  1694
255  1695
255  1696
255  1697
255  1698
256  1699
256  1700
256  1701
256  1702
257  1703
257  1704
257  1705
257  1706
257  1707
258  1708
258  1709
258  1710
258  1711
258  1712
258  1713
258  1714
258  1715
259  1716
259  1717
259  1718
259  1719
259  1720
260  1721
260  1722
260  1723
260  1724
260  1725
260  1726
260  1727
260  1728
260  1729
259  1730
259  1731
258  1732
258  1733
258  1734
257  1735
256  1736
255  1737
254  1738
253  1739
252  1739
251  1740
250  1741
249  1741
248  1741
247  1741
246  1742
245  1742
244  1742
243  1742
242  1743
241  1743
240  1743
239  1743
238  1743
237  1743
236  1743
235  1743
234  1744
233  1744
232  1744
231  1745
230  1745
229  1746
228  1747
227  1748
226  1749
226  1750
225  1751
224  1752
224  1753
224  1754
223  1755
223  1756
222  1757
222  1758
222  1759
222  1760
222  1761
222  1762
223  1763
224  1764
224  1765
224  1766
224  1767
225  1768
225  1769
226  1770
226  1771
227  1772
227  1773
227  1774
228  1775
229  1776
229  1777
230  1778
230  1779
231  1780
231  1781
232  1782
233  1783
233  1784
234  1785
235  1786
236  1787
237  1788
238  1789
239  1790
240  1791
241  1791
242  1791
243  1792
244  1792
245  1792
246  1792
247  1792
248  1792
249  1792
250  1792
251  1792
252  1791
253  1791
254  1791
255  1790
256  1789
257  1788
258  1788
259  1787
260  1786
261  1785
262  1784
263  1783
264  1782
265  1781
266  1780
267  1779
268  1779
269  1778
270  1778
271  1778
272  1778
273  1778
274  1778
275  1778
276  1778
277  1779
278  1779
279  1780
280  1780
281  1781
282  1782
283  1783
284  1784
285  1785
286  1786
287  1787
287  1788
288  1789
289  1790
290  1791
290  1792
290  1793
291  1794
291  1795
292  1796
292  1797
293  1798
293  1799
294  1800
294  1801
294  1802
295  1803
295  1804
296  1805
296  1806
297  1807
297  1808
298  1809
298  1810
298  1811
298  1812
299  1813
299  1814
300  1815
300  1816
300  1817
301  1818
301  1819
301  1820
301  1821
302  1822
302  1823
303  1824
303  1825
303  1826
303  1827
304  1828
304  1829
304  1830
305  1831
305  1832
305  1833
305  1834
305  1835
305  1836
305  1837
305  1838
305  1839
305  1840
305  1841
305  1842
305  1843
305  1844
304  1845
303  1846
302  1847
301  1847
300  1847
299  1847
298  1848
297  1848
296  1848
295  1849
294  1849
293  1849
292  1849
291  1849
290  1849
289  1849
288  1849
287  1850
286  1850
285  1850
284  1850
283  1850
282  1850
281  1850
280  1850
279  1851
278  1851
277  1851
276  1851
275  1851
274  1851
273  1851
272  1851
271  1851
270  1852
269  1852
268  1852
267  1853
266  1853
265  1853
264  1853
263  1853
262  1853
261  1853
260  1853
259  1853
258  1854
257  1854
256  1854
255  1854
254  1854
253  1854
252  1854
251  1854
250  1854
249  1854
248  1854
247  1855
246  1855
245  1855
244  1855
243  1855
242  1856
241  1856
240  1856
239  1856
238  1857
237  1857
236  1857
235  1858
234  1858
233  1858
232  1859
231  1860
230  1861
229  1862
228  1863
228  1864
228  1865
228  1866
227  1867
226  1868
226  1869
225  1870
225  1871
225  1872
225  1873
225  1874
225  1875
225  1876
225  1877
225  1878
226  1879
226  1880
227  1881
228  1882
229  1883
230  1884
230  1885
231  1886
232  1887
233  1888
234  1889
235  1890
236  1891
236  1892
237  1893
237  1894
238  1895
238  1896
238  1897
239  1898
239  1899
239  1900
239  1901
239  1902
239  1903
239  1904
238  1905
238  1906
238  1907
238  1908
237  1909
236  1910
235  1911
234  1912
233  1913
232  1914
231  1915
230  1916
229  1917
228  1918
227  1919
226  1919
225  1920
224  1921
223  1922
222  1923
221  1923
220  1924
219  1925
218  1926
217  1927
216  1927
215  1928
214  1928
213  1929
212  1929
211  1929
210  1930
209  1930
208  1931
207  1931
206  1931
205  1931
204  1931
203  1931
202  1931
201  1931
200  1931
199  1931
198  1931
197  1931
196  1931
195  1931
194  1931
193  1931
192  1931
191  1931
190  1931
189  1931
188  1930
187  1930
186  1929
185  1928
184  1927
183  1926
182  1925
182  1924
181  1923
181  1922
180  1921
180  1920
180  1919
179  1918
179  1917
178  1916
178  1915
178  1914
177  1913
177  1912
177  1911
177  1910
177  1909
176  1908
176  1907
176  1906
176  1905
175  1904
175  1903
174  1902
174  1901
173  1900
172  1899
171  1898
170  1898
169  1898
168  1898
167  1898
166  1898
165  1898
164  1898
163  1898
162  1898
161  1898
160  1898
159  1898
158  1899
157  1899
156  1899
155  1899
154  1900
153  1900
152  1901
151  1902
150  1903
149  1904
148  1904
147  1905
146  1905
145  1906
144  1907
143  1907
142  1907
141  1908
140  1909
139  1910
138  1910
137  1910
136  1911
135  1912
134  1912
133  1913
132  1913
131  1914
130  1915
129  1915
128  1916
127  1917
126  1917
125  1917
124  1918
124  1919
123  1920
122  1920
121  1920
120  1920
119  1921
118  1922
117  1923
116  1923
115  1923
114  1923
113  1923
112  1923
111  1923
110  1923
109  1922
108  1921
107  1920
107  1919
107  1918
106  1917
105  1916
104  1915
104  1914
103  1913
102  1912
101  1911
100  1910
99  1909
98  1908
97  1907
97  1906
96  1905
95  1904
95  1903
95  1902
95  1901
95  1900
94  1899
93  1899
92  1898
92  1897
92  1896
92  1895
92  1894
91  1893
90  1892
90  1891
89  1890
88  1889
87  1888
87  1887
86  1886
86  1885
86  1884
85  1883
84  1882
84  1881
83  1880
83  1879
83  1878
82  1877
81  1876
81  1875
80  1874
79  1873
79  1872
78  1871
78  1870
77  1869
77  1868
76  1867
76  1866
75  1865
75  1864
74  1863
74  1862
73  1861
73  1860
72  1859
72  1858
71  1857
70  1856
70  1855
69  1854
69  1853
69  1852
68  1851
67  1850
67  1849
66  1848
65  1847
65  1846
64  1845
63  1844
63  1843
63  1842
63  1841
62  1840
61  1839
60  1838
60  1837
59  1836
59  1835
58  1834
57  1833
57  1832
56  1831
56  1830
56  1829
55  1828
54  1827
54  1826
53  1825
52  1824
52  1823
51  1822
51  1821
51  1820
50  1819
49  1818
49  1817
48  1816
48  1815
47  1814
47  1813
46  1812
45  1811
45  1810
45  1809
44  1808
43  1807
43  1806
42  1805
42  1804
41  1803
40  1802
40  1801
39  1800
39  1799
38  1798
38  1797
38  1796
38  1795
37  1794
37  1793
37  1792
38  1791
39  1790
40  1789
41  1789
42  1788
43  1788
44  1787
45  1787
46  1786
47  1786
48  1785
49  1785
50  1784
51  1784
52  1783
53  1783
54  1782
55  1782
56  1782
57  1781
58  1780
59  1780
60  1779
61  1779
62  1779
63  1778
64  1778
65  1777
66  1776
67  1776
68  1776
69  1775
70  1774
71  1774
72  1774
73  1773
74  1773
75  1772
76  1771
77  1771
78  1770
79  1770
80  1769
81  1769
82  1768
83  1767
84  1766
85  1765
86  1764
87  1763
88  1762
89  1761
90  1760
91  1759
91  1758
92  1757
92  1756
92  1755
93  1754
93  1753
93  1752
93  1751
93  1750
93  1749
93  1748
92  1747
91  1746
90  1745
90  1744
89  1743
88  1742
87  1741
86  1740
85  1739
84  1738
83  1737
82  1736
81  1735
81  1734
80  1733
79  1732
78  1731
78  1730
77  1729
77  1728
76  1727
76  1726
76  1725
75  1724
75  1723
75  1722
75  1721
75  1720
75  1719
75  1718
76  1717
76  1716
76  1715
77  1714
77  1713
77  1712
78  1711
78  1710
79  1709
79  1708
80  1707
81  1706
82  1705
83  1704
84  1703
85  1702
86  1701
87  1700
88  1699
89  1698
90  1697
91  1697
92  1696
93  1696
94  1695
95  1695
96  1694
97  1694
98  1694
99  1693
100  1693
101  1692
102  1692
103  1692
104  1691
105  1691
106  1691
107  1691
108  1691
109  1690
110  1690
111  1690
112  1690
113  1690
114  1690
115  1690
116  1690
117  1691
118  1691
119  1691
120  1692
121  1692
122  1693
123  1693
124  1694
125  1695
126  1696
127  1697
128  1698
129  1699
130  1700
131  1701
131  1702
131  1703
132  1704
132  1705
132  1706
133  1707
133  1708
133  1709
133  1710
134  1711
134  1712
134  1713
134  1714
134  1715
134  1716
134  1717
134  1718
134  1719
134  1720
134  1721
134  1722
134  1723
134  1724
135  1725
135  1726
135  1727
136  1728
137  1729
138  1730
139  1731
140  1731
141  1731
142  1731
143  1731
144  1731
145  1731
146  1730
147  1730
148  1730
149  1729
150  1729
151  1728
152  1728
153  1727
154  1726
155  1726
156  1725
157  1725
158  1724
159  1723
160  1722
161  1721
162  1721
163  1720
164  1719
165  1718
166  1717
167  1716
168  1715
169  1714
170  1713
171  1712
172  1711
172  1710
173  1709
173  1708
174  1707
175  1706
175  1705
176  1704
176  1703
177  1702
178  1701
178  1700
179  1699
179  1698
180  1697
180  1696
181  1695
181  1694
182  1693
183  1692
183  1691
184  1690
185  1689
185  1688
186  1687
186  1686
187  1685
187  1684
188  1683
189  1682
189  1681
190  1680
190  1679
191  1678
191  1677
192  1676
192  1675
193  1674
194  1673
194  1672
195  1671
196  1670
196  1669
196  1669
