554  1451
555  1451
556  1451
557  1451
558  1451
559  1451
560  1451
561  1452
562  1452
563  1452
564  1452
565  1452
566  1452
567  1452
568  1452
569  1452
570  1452
571  1453
572  1453
573  1453
574  1453
575  1454
576  1454
577  1454
578  1455
579  1455
580  1456
581  1456
582  1456
583  1457
584  1457
585  1458
586  1459
587  1460
588  1461
589  1462
590  1463
591  1464
591  1465
592  1466
592  1467
592  1468
592  1469
592  1470
592  1471
592  1472
592  1473
591  1474
591  1475
591  1476
591  1477
590  1478
590  1479
589  1480
589  1481
588  1482
588  1483
588  1484
588  1485
587  1486
587  1487
587  1488
587  1489
587  1490
586  1491
586  1492
586  1493
586  1494
586  1495
587  1496
587  1497
588  1498
589  1499
590  1500
591  1501
592  1502
593  1503
594  1503
595  1504
596  1504
597  1504
598  1504
599  1504
600  1504
601  1504
602  1504
603  1504
604  1504
605  1504
606  1504
607  1504
608  1504
609  1504
610  1504
611  1503
612  1503
613  1503
614  1503
615  1503
616  1503
617  1502
618  1502
619  1502
620  1501
621  1501
622  1501
623  1500
624  1500
625  1500
626  1499
627  1499
628  1498
629  1497
630  1497
631  1497
632  1496
633  1496
634  1495
635  1495
636  1495
637  1494
638  1494
639  1493
640  1493
641  1492
642  1492
643  1492
644  1491
645  1491
646  1490
647  1490
648  1489
649  1489
650  1488
651  1488
652  1488
653  1487
654  1487
655  1486
656  1486
657  1486
658  1487
659  1488
660  1489
660  1490
661  1491
661  1492
662  1493
662  1494
663  1495
663  1496
664  1497
664  1498
665  1499
665  1500
666  1501
666  1502
666  1503
667  1504
667  1505
668  1506
668  1507
669  1508
669  1509
670  1510
670  1511
670  1512
671  1513
671  1514
671  1515
672  1516
672  1517
672  1518
673  1519
673  1520
673  1521
674  1522
674  1523
674  1524
674  1525
675  1526
675  1527
675  1528
675  1529
675  1530
675  1531
675  1532
675  1533
675  1534
675  1535
675  1536
675  1537
675  1538
675  1539
675  1540
675  1541
675  1542
675  1543
675  1544
675  1545
675  1546
675  1547
674  1548
674  1549
674  1550
673  1551
673  1552
673  1553
672  1554
672  1555
671  1556
671  1557
670  1558
669  1559
668  1560
667  1561
666  1562
665  1563
664  1564
663  1564
662  1564
661  1565
660  1565
659  1565
658  1565
657  1565
656  1565
655  1565
654  1565
653  1565
652  1565
651  1565
650  1565
649  1565
648  1564
647  1564
646  1563
645  1563
644  1563
643  1562
642  1562
641  1562
640  1561
639  1561
638  1561
637  1561
636  1560
635  1560
634  1560
633  1560
632  1560
631  1560
630  1560
629  1560
628  1560
627  1560
626  1560
625  1561
624  1561
623  1562
622  1563
621  1564
620  1565
619  1566
618  1567
617  1568
617  1569
616  1570
616  1571
615  1572
615  1573
615  1574
614  1575
614  1576
614  1577
614  1578
614  1579
614  1580
614  1581
614  1582
614  1583
614  1584
614  1585
614  1586
614  1587
614  1588
614  1589
614  1590
614  1591
614  1592
614  1593
614  1594
615  1595
615  1596
615  1597
615  1598
615  1599
616  1600
616  1601
616  1602
617  1603
617  1604
618  1605
619  1606
619  1607
620  1608
621  1609
622  1610
623  1611
624  1612
625  1613
626  1614
627  1614
628  1614
629  1614
630  1614
631  1614
632  1614
633  1614
634  1614
635  1614
636  1614
637  1614
638  1614
639  1613
640  1613
641  1613
642  1612
643  1612
644  1611
645  1611
646  1610
647  1610
648  1610
649  1609
650  1609
651  1608
652  1608
653  1607
654  1607
655  1607
656  1607
657  1607
658  1607
659  1607
660  1607
661  1608
662  1608
663  1609
664  1610
665  1611
665  1612
666  1613
666  1614
666  1615
667  1616
667  1617
667  1618
667  1619
667  1620
668  1621
668  1622
668  1623
668  1624
668  1625
668  1626
668  1627
668  1628
669  1629
669  1630
669  1631
669  1632
669  1633
669  1634
669  1635
669  1636
669  1637
670  1638
670  1639
670  1640
670  1641
670  1642
670  1643
670  1644
670  1645
670  1646
670  1647
670  1648
670  1649
670  1650
670  1651
670  1652
670  1653
670  1654
670  1655
670  1656
670  1657
670  1658
670  1659
670  1660
670  1661
669  1662
668  1663
667  1664
666  1664
665  1665
664  1666
663  1666
662  1666
661  1666
660  1666
659  1666
658  1666
657  1666
656  1666
655  1666
654  1666
653  1666
652  1666
651  1666
650  1666
649  1666
648  1666
647  1666
646  1666
645  1666
644  1666
643  1666
642  1666
641  1666
640  1666
639  1666
638  1666
637  1666
636  1666
635  1666
634  1666
633  1666
632  1666
631  1666
630  1666
629  1666
628  1666
627  1666
626  1666
625  1666
624  1666
623  1666
622  1666
621  1666
620  1666
619  1666
618  1666
617  1666
616  1665
615  1665
614  1665
613  1665
612  1665
611  1665
610  1666
609  1666
608  1666
607  1666
606  1666
605  1666
604  1666
603  1665
602  1665
601  1665
600  1665
599  1665
598  1665
597  1665
596  1665
595  1665
594  1665
593  1665
592  1665
591  1665
590  1665
589  1665
588  1665
587  1665
586  1665
585  1665
584  1665
583  1665
582  1665
581  1665
580  1665
579  1665
578  1665
577  1665
576  1665
575  1665
574  1665
573  1665
572  1665
571  1665
570  1665
569  1665
568  1665
567  1665
566  1665
565  1665
564  1665
563  1665
562  1665
561  1665
560  1665
559  1665
558  1665
557  1665
556  1665
555  1665
554  1665
553  1665
552  1665
551  1665
550  1665
549  1664
548  1664
547  1664
546  1664
545  1664
544  1664
543  1664
542  1664
541  1664
540  1664
539  1664
538  1664
537  1664
536  1664
535  1664
534  1664
533  1664
532  1664
531  1664
530  1664
529  1664
528  1664
527  1664
526  1664
525  1664
524  1664
523  1664
522  1664
521  1664
520  1664
519  1664
518  1664
517  1664
516  1664
515  1664
514  1664
513  1664
512  1664
511  1664
510  1664
509  1664
508  1664
507  1664
506  1664
505  1664
504  1664
503  1664
502  1664
501  1664
500  1664
499  1664
498  1664
497  1664
496  1664
495  1664
494  1664
493  1664
492  1664
491  1664
490  1663
489  1663
488  1663
487  1663
486  1663
485  1663
484  1663
483  1663
482  1663
481  1663
480  1663
479  1663
478  1663
477  1663
476  1663
475  1663
474  1663
473  1663
472  1663
471  1663
470  1663
469  1663
468  1663
467  1663
466  1663
465  1663
464  1663
463  1663
462  1663
461  1663
460  1663
459  1663
458  1662
457  1662
456  1662
455  1662
454  1662
453  1662
452  1662
451  1662
450  1662
449  1662
448  1662
447  1662
446  1662
445  1662
444  1662
443  1662
442  1662
441  1662
440  1662
439  1662
438  1662
437  1662
436  1662
435  1662
434  1662
433  1662
432  1662
431  1662
430  1662
429  1662
428  1662
427  1662
426  1662
425  1662
424  1661
423  1661
422  1661
421  1661
420  1661
419  1661
418  1660
417  1659
416  1658
415  1657
415  1656
415  1655
415  1654
414  1653
414  1652
414  1651
414  1650
414  1649
414  1648
414  1647
414  1646
414  1645
414  1644
414  1643
414  1642
414  1641
414  1640
414  1639
414  1638
414  1637
414  1636
414  1635
414  1634
414  1633
414  1632
414  1631
414  1630
414  1629
414  1628
414  1627
414  1626
414  1625
414  1624
414  1623
414  1622
414  1621
414  1620
414  1619
414  1618
414  1617
414  1616
414  1615
414  1614
414  1613
414  1612
414  1611
414  1610
414  1609
414  1608
414  1607
415  1606
415  1605
415  1604
416  1603
417  1602
417  1601
418  1600
419  1599
420  1598
421  1597
422  1596
423  1596
424  1595
425  1595
426  1595
427  1595
428  1595
429  1595
430  1596
431  1596
432  1596
433  1596
434  1597
435  1597
436  1597
437  1598
438  1598
439  1598
440  1599
441  1599
442  1600
443  1600
444  1601
445  1601
446  1601
447  1601
448  1602
449  1602
450  1602
451  1602
452  1602
453  1602
454  1601
455  1601
456  1601
457  1601
458  1600
459  1599
460  1598
461  1597
462  1596
463  1595
464  1594
464  1593
465  1592
465  1591
466  1590
466  1589
466  1588
467  1587
467  1586
467  1585
468  1584
468  1583
468  1582
468  1581
468  1580
468  1579
468  1578
468  1577
468  1576
469  1575
469  1574
469  1573
469  1572
469  1571
468  1570
468  1569
468  1568
468  1567
468  1566
468  1565
467  1564
467  1563
467  1562
466  1561
466  1560
466  1559
465  1558
464  1557
463  1556
462  1555
461  1554
460  1554
459  1553
458  1553
457  1552
456  1552
455  1552
454  1551
453  1551
452  1551
451  1551
450  1551
449  1551
448  1551
447  1551
446  1551
445  1551
444  1550
443  1550
442  1550
441  1550
440  1550
439  1550
438  1550
437  1550
436  1550
435  1549
434  1549
433  1548
432  1548
431  1547
430  1546
430  1545
429  1544
428  1543
428  1542
428  1541
427  1540
427  1539
427  1538
427  1537
427  1536
427  1535
427  1534
427  1533
427  1532
427  1531
428  1530
428  1529
428  1528
428  1527
429  1526
429  1525
429  1524
430  1523
430  1522
430  1521
431  1520
432  1519
432  1518
433  1517
433  1516
434  1515
435  1514
436  1513
437  1512
437  1511
438  1510
439  1509
440  1508
441  1507
442  1506
442  1505
443  1504
444  1503
445  1502
446  1501
447  1500
448  1499
449  1498
450  1497
451  1496
452  1495
453  1494
454  1493
455  1492
456  1491
457  1490
458  1489
459  1488
460  1487
461  1486
462  1485
463  1485
464  1486
465  1487
466  1487
467  1488
468  1488
469  1489
470  1489
471  1490
472  1491
473  1491
474  1492
475  1492
476  1493
477  1493
478  1494
479  1494
480  1494
481  1495
482  1495
483  1496
484  1496
485  1496
486  1497
487  1497
488  1497
489  1498
490  1498
491  1498
492  1499
493  1499
494  1499
495  1500
496  1500
497  1500
498  1500
499  1501
500  1501
501  1501
502  1501
503  1501
504  1501
505  1501
506  1502
507  1502
508  1502
509  1502
510  1501
511  1501
512  1501
513  1501
514  1501
515  1501
516  1501
517  1501
518  1501
519  1501
520  1500
521  1500
522  1499
523  1499
524  1498
525  1497
526  1496
527  1495
528  1494
529  1493
530  1492
530  1491
531  1490
531  1489
531  1488
531  1487
531  1486
531  1485
531  1484
531  1483
530  1482
530  1481
529  1480
529  1479
529  1478
528  1477
528  1476
527  1475
527  1474
527  1473
527  1472
527  1471
527  1470
527  1469
527  1468
528  1467
528  1466
529  1465
530  1464
530  1463
531  1462
532  1461
533  1460
534  1459
535  1458
536  1457
537  1456
538  1456
539  1455
540  1455
541  1455
542  1454
543  1454
544  1453
545  1453
546  1453
547  1452
548  1452
549  1452
550  1452
551  1452
552  1452
553  1452
553  1452
