1058  1129
1059  1129
1060  1130
1061  1131
1062  1131
1063  1132
1064  1133
1065  1134
1066  1135
1067  1136
1068  1137
1069  1137
1070  1138
1071  1139
1072  1140
1073  1141
1074  1142
1075  1143
1076  1144
1077  1145
1078  1146
1079  1147
1080  1148
1081  1149
1082  1150
1083  1151
1084  1152
1085  1153
1086  1154
1087  1155
1088  1156
1089  1157
1090  1158
1091  1159
1092  1160
1093  1161
1094  1162
1095  1163
1096  1164
1097  1165
1098  1166
1099  1167
1099  1168
1100  1169
1101  1170
1102  1171
1102  1172
1103  1173
1103  1174
1104  1175
1104  1176
1104  1177
1105  1178
1105  1179
1105  1180
1106  1181
1106  1182
1106  1183
1107  1184
1107  1185
1107  1186
1107  1187
1107  1188
1107  1189
1107  1190
1107  1191
1107  1192
1107  1193
1107  1194
1107  1195
1107  1196
1107  1197
1107  1198
1107  1199
1106  1200
1106  1201
1105  1202
1105  1203
1104  1204
1103  1205
1102  1206
1101  1207
1100  1208
1099  1208
1098  1208
1097  1209
1096  1209
1095  1209
1094  1210
1093  1210
1092  1210
1091  1210
1090  1210
1089  1210
1088  1210
1087  1210
1086  1211
1085  1211
1084  1211
1083  1211
1082  1211
1081  1211
1080  1212
1079  1212
1078  1212
1077  1213
1076  1214
1075  1214
1074  1215
1073  1216
1072  1217
1071  1218
1070  1219
1069  1220
1068  1221
1067  1222
1067  1223
1066  1224
1066  1225
1065  1226
1065  1227
1065  1228
1065  1229
1065  1230
1065  1231
1065  1232
1065  1233
1065  1234
1065  1235
1065  1236
1065  1237
1066  1238
1066  1239
1066  1240
1066  1241
1067  1242
1067  1243
1068  1244
1068  1245
1068  1246
1068  1247
1069  1248
1069  1249
1070  1250
1070  1251
1071  1252
1071  1253
1072  1254
1072  1255
1073  1256
1074  1257
1074  1258
1075  1259
1076  1260
1077  1261
1077  1262
1078  1263
1079  1264
1080  1265
1081  1266
1082  1267
1083  1267
1084  1268
1085  1269
1086  1269
1087  1270
1088  1271
1089  1271
1090  1271
1091  1271
1092  1271
1093  1271
1094  1271
1095  1271
1096  1271
1097  1271
1098  1271
1099  1271
1100  1271
1101  1271
1102  1271
1103  1270
1104  1269
1105  1269
1106  1268
1107  1267
1108  1266
1109  1265
1110  1264
1111  1263
1112  1262
1113  1261
1114  1260
1115  1259
1116  1258
1117  1257
1117  1256
1118  1255
1119  1254
1120  1253
1121  1252
1122  1252
1123  1252
1124  1252
1125  1252
1126  1252
1127  1252
1128  1252
1129  1252
1130  1252
1131  1253
1132  1253
1133  1254
1134  1254
1135  1255
1136  1256
1137  1257
1138  1257
1139  1258
1140  1259
1141  1260
1142  1261
1143  1262
1144  1263
1144  1264
1145  1265
1145  1266
1146  1267
1146  1268
1147  1269
1148  1270
1149  1271
1149  1272
1150  1273
1150  1274
1151  1275
1151  1276
1152  1277
1152  1278
1153  1279
1153  1280
1154  1281
1154  1282
1155  1283
1156  1284
1156  1285
1156  1286
1157  1287
1158  1288
1158  1289
1158  1290
1159  1291
1159  1292
1160  1293
1160  1294
1161  1295
1162  1296
1162  1297
1163  1298
1163  1299
1164  1300
1164  1301
1165  1302
1165  1303
1166  1304
1166  1305
1167  1306
1167  1307
1168  1308
1168  1309
1169  1310
1169  1311
1170  1312
1170  1313
1171  1314
1171  1315
1172  1316
1172  1317
1172  1318
1171  1319
1170  1320
1169  1321
1168  1322
1167  1322
1166  1322
1165  1323
1164  1324
1163  1324
1162  1325
1161  1325
1160  1326
1159  1326
1158  1327
1157  1328
1156  1328
1155  1328
1154  1329
1153  1330
1152  1330
1151  1331
1150  1331
1149  1332
1148  1333
1147  1333
1146  1334
1145  1334
1144  1335
1143  1335
1142  1336
1141  1336
1140  1337
1139  1337
1138  1338
1137  1338
1136  1339
1135  1340
1134  1340
1133  1341
1132  1341
1131  1342
1130  1342
1129  1343
1128  1343
1127  1344
1126  1345
1125  1345
1124  1346
1123  1346
1122  1346
1121  1347
1120  1348
1119  1349
1118  1349
1117  1350
1116  1350
1115  1351
1114  1352
1113  1352
1112  1352
1111  1353
1110  1353
1109  1354
1108  1355
1107  1355
1106  1356
1105  1356
1104  1357
1103  1357
1102  1358
1101  1358
1100  1359
1099  1360
1098  1360
1097  1361
1096  1361
1095  1362
1094  1362
1093  1363
1092  1364
1091  1364
1090  1365
1089  1365
1088  1366
1087  1366
1086  1367
1085  1367
1084  1368
1083  1369
1082  1369
1081  1370
1080  1370
1079  1371
1078  1371
1077  1372
1076  1372
1075  1373
1074  1373
1073  1374
1072  1375
1071  1375
1070  1376
1069  1376
1068  1377
1067  1378
1066  1378
1065  1378
1064  1379
1063  1380
1062  1380
1061  1381
1060  1381
1059  1382
1058  1382
1057  1383
1056  1384
1055  1384
1054  1385
1053  1385
1052  1386
1051  1387
1050  1387
1049  1388
1048  1388
1047  1389
1046  1390
1045  1390
1044  1391
1043  1391
1042  1391
1041  1392
1040  1393
1039  1393
1038  1394
1037  1394
1036  1395
1035  1396
1034  1396
1033  1397
1032  1397
1031  1398
1030  1399
1029  1399
1028  1400
1027  1400
1026  1401
1025  1401
1024  1402
1023  1402
1022  1403
1021  1403
1020  1404
1019  1404
1018  1405
1017  1405
1016  1404
1015  1403
1014  1402
1014  1401
1014  1400
1013  1399
1013  1398
1012  1397
1012  1396
1012  1395
1012  1394
1011  1393
1011  1392
1011  1391
1010  1390
1010  1389
1009  1388
1009  1387
1009  1386
1009  1385
1008  1384
1008  1383
1008  1382
1007  1381
1007  1380
1006  1379
1006  1378
1006  1377
1006  1376
1005  1375
1005  1374
1004  1373
1004  1372
1004  1371
1004  1370
1003  1369
1003  1368
1003  1367
1002  1366
1002  1365
1002  1364
1001  1363
1001  1362
1001  1361
1000  1360
1000  1359
999  1358
999  1357
999  1356
998  1355
997  1354
996  1353
995  1352
994  1351
993  1350
992  1349
991  1348
990  1347
989  1347
988  1346
987  1345
986  1344
985  1344
984  1343
983  1343
982  1343
981  1342
980  1342
979  1342
978  1341
977  1341
976  1341
975  1341
974  1341
973  1341
972  1342
971  1342
970  1342
969  1342
968  1343
967  1343
966  1344
965  1345
964  1345
963  1346
962  1347
961  1348
960  1349
959  1349
958  1350
957  1351
956  1352
955  1353
954  1353
953  1354
952  1354
951  1354
950  1355
949  1355
948  1355
947  1355
946  1355
945  1355
944  1355
943  1355
942  1354
941  1354
940  1354
939  1354
938  1353
937  1353
936  1352
935  1352
934  1351
933  1350
932  1349
931  1348
930  1347
929  1346
928  1345
927  1344
926  1343
925  1342
925  1341
924  1340
923  1339
922  1338
922  1337
921  1336
921  1335
920  1334
920  1333
919  1332
919  1331
918  1330
918  1329
918  1328
917  1327
917  1326
917  1325
916  1324
916  1323
916  1322
916  1321
916  1320
916  1319
915  1318
915  1317
915  1316
915  1315
915  1314
915  1313
915  1312
915  1311
916  1310
916  1309
916  1308
917  1307
917  1306
918  1305
918  1304
919  1303
920  1302
921  1301
922  1300
923  1299
924  1298
925  1298
926  1297
927  1297
928  1297
929  1297
930  1297
931  1296
932  1296
933  1296
934  1296
935  1296
936  1296
937  1296
938  1296
939  1295
940  1295
941  1295
942  1294
943  1294
944  1293
945  1292
946  1291
947  1290
948  1289
949  1288
949  1287
950  1286
950  1285
950  1284
950  1283
950  1282
950  1281
950  1280
950  1279
950  1278
950  1277
950  1276
950  1275
950  1274
949  1273
949  1272
949  1271
949  1270
948  1269
948  1268
947  1267
947  1266
946  1265
946  1264
945  1263
944  1262
943  1261
943  1260
942  1259
941  1258
941  1257
941  1256
942  1255
943  1254
943  1253
944  1252
945  1251
946  1250
947  1249
948  1248
949  1247
950  1246
951  1245
952  1244
952  1243
953  1242
954  1241
955  1240
956  1239
957  1238
958  1237
959  1236
959  1235
960  1234
961  1233
962  1232
963  1231
964  1230
964  1229
965  1228
966  1227
967  1226
968  1225
969  1224
969  1223
970  1222
971  1221
972  1220
972  1219
973  1218
973  1217
974  1216
975  1215
975  1214
976  1213
976  1212
976  1211
976  1210
976  1209
976  1208
976  1207
976  1206
976  1205
976  1204
976  1203
975  1202
974  1201
973  1200
972  1199
971  1198
970  1197
969  1196
968  1196
967  1195
966  1194
965  1193
964  1192
964  1191
963  1190
962  1189
961  1188
961  1187
960  1186
959  1185
959  1184
958  1183
958  1182
958  1181
957  1180
957  1179
957  1178
957  1177
957  1176
957  1175
957  1174
957  1173
957  1172
958  1171
958  1170
958  1169
959  1168
959  1167
960  1166
960  1165
961  1164
962  1163
963  1162
964  1161
965  1160
966  1159
967  1158
968  1157
969  1156
970  1155
971  1154
972  1154
973  1153
974  1152
975  1152
976  1152
977  1151
978  1151
979  1151
980  1150
981  1150
982  1150
983  1149
984  1149
985  1149
986  1149
987  1149
988  1149
989  1149
990  1149
991  1150
992  1150
993  1150
994  1151
995  1151
996  1151
997  1152
998  1152
999  1153
1000  1154
1001  1154
1002  1155
1003  1156
1004  1157
1005  1158
1005  1159
1005  1160
1006  1161
1006  1162
1006  1163
1006  1164
1007  1165
1007  1166
1007  1167
1008  1168
1008  1169
1008  1170
1009  1171
1009  1172
1009  1173
1010  1174
1010  1175
1010  1176
1011  1177
1011  1178
1012  1179
1013  1180
1014  1181
1015  1182
1016  1183
1017  1183
1018  1184
1019  1184
1020  1184
1021  1184
1022  1184
1023  1184
1024  1184
1025  1183
1026  1183
1027  1183
1028  1183
1029  1182
1030  1181
1031  1180
1032  1179
1033  1178
1034  1177
1035  1176
1036  1175
1037  1174
1038  1173
1038  1172
1039  1171
1039  1170
1040  1169
1040  1168
1041  1167
1041  1166
1042  1165
1043  1164
1043  1163
1043  1162
1044  1161
1044  1160
1045  1159
1045  1158
1046  1157
1046  1156
1047  1155
1047  1154
1048  1153
1048  1152
1049  1151
1049  1150
1049  1149
1050  1148
1050  1147
1051  1146
1051  1145
1051  1144
1052  1143
1052  1142
1053  1141
1053  1140
1054  1139
1054  1138
1054  1137
1055  1136
1055  1135
1056  1134
1056  1133
1057  1132
1057  1131
1057  1130
1057  1130
