1358  1115
1359  1115
1360  1116
1361  1116
1362  1116
1363  1116
1364  1116
1365  1116
1366  1116
1367  1117
1368  1117
1369  1117
1370  1118
1371  1118
1372  1118
1373  1119
1374  1119
1375  1120
1376  1120
1377  1121
1378  1122
1379  1123
1380  1124
1381  1125
1381  1126
1382  1127
1382  1128
1382  1129
1383  1130
1383  1131
1383  1132
1383  1133
1383  1134
1383  1135
1384  1136
1384  1137
1384  1138
1384  1139
1384  1140
1384  1141
1384  1142
1384  1143
1384  1144
1384  1145
1384  1146
1384  1147
1384  1148
1384  1149
1384  1150
1384  1151
1384  1152
1384  1153
1384  1154
1384  1155
1384  1156
1384  1157
1385  1158
1386  1159
1387  1160
1388  1161
1389  1161
1390  1162
1391  1162
1392  1162
1393  1162
1394  1162
1395  1162
1396  1162
1397  1162
1398  1162
1399  1162
1400  1162
1401  1162
1402  1162
1403  1162
1404  1161
1405  1161
1406  1161
1407  1161
1408  1160
1409  1160
1410  1159
1411  1159
1412  1159
1413  1158
1414  1157
1415  1157
1416  1156
1417  1155
1418  1154
1419  1153
1420  1152
1421  1152
1422  1151
1423  1150
1424  1149
1425  1148
1426  1147
1427  1146
1428  1145
1429  1144
1430  1143
1431  1142
1432  1141
1433  1140
1434  1139
1435  1138
1436  1137
1437  1136
1438  1135
1439  1134
1440  1133
1441  1132
1442  1131
1443  1130
1444  1129
1445  1128
1446  1127
1447  1126
1448  1125
1449  1124
1450  1124
1451  1125
1452  1125
1453  1126
1454  1127
1455  1127
1456  1128
1457  1128
1458  1129
1459  1129
1460  1130
1461  1130
1462  1131
1463  1131
1464  1132
1465  1132
1466  1132
1467  1133
1468  1133
1469  1134
1470  1134
1471  1134
1472  1135
1473  1135
1474  1135
1475  1136
1476  1136
1477  1136
1478  1136
1479  1137
1480  1137
1481  1137
1482  1137
1483  1137
1484  1137
1485  1137
1486  1138
1487  1138
1488  1139
1488  1140
1488  1141
1488  1142
1488  1143
1488  1144
1488  1145
1488  1146
1488  1147
1488  1148
1488  1149
1488  1150
1488  1151
1488  1152
1488  1153
1488  1154
1488  1155
1488  1156
1487  1157
1487  1158
1487  1159
1487  1160
1487  1161
1487  1162
1487  1163
1487  1164
1487  1165
1487  1166
1487  1167
1487  1168
1487  1169
1486  1170
1486  1171
1486  1172
1486  1173
1486  1174
1486  1175
1486  1176
1486  1177
1486  1178
1486  1179
1486  1180
1485  1181
1485  1182
1485  1183
1485  1184
1485  1185
1485  1186
1485  1187
1485  1188
1485  1189
1485  1190
1485  1191
1485  1192
1485  1193
1484  1194
1484  1195
1484  1196
1484  1197
1484  1198
1484  1199
1484  1200
1483  1201
1483  1202
1483  1203
1483  1204
1483  1205
1482  1206
1482  1207
1482  1208
1481  1209
1480  1210
1480  1211
1479  1212
1478  1213
1477  1214
1476  1214
1475  1214
1474  1215
1473  1215
1472  1215
1471  1215
1470  1215
1469  1215
1468  1214
1467  1214
1466  1214
1465  1214
1464  1214
1463  1213
1462  1213
1461  1212
1460  1212
1459  1212
1458  1211
1457  1211
1456  1211
1455  1210
1454  1210
1453  1210
1452  1210
1451  1210
1450  1210
1449  1210
1448  1210
1447  1210
1446  1210
1445  1210
1444  1210
1443  1210
1442  1210
1441  1211
1440  1211
1439  1212
1438  1213
1437  1214
1436  1215
1435  1216
1434  1217
1433  1218
1433  1219
1432  1220
1432  1221
1431  1222
1431  1223
1431  1224
1431  1225
1430  1226
1430  1227
1430  1228
1430  1229
1430  1230
1430  1231
1429  1232
1429  1233
1429  1234
1429  1235
1429  1236
1429  1237
1429  1238
1430  1239
1430  1240
1430  1241
1430  1242
1430  1243
1431  1244
1431  1245
1431  1246
1432  1247
1432  1248
1433  1249
1433  1250
1434  1251
1434  1252
1434  1253
1435  1254
1435  1255
1436  1256
1437  1257
1437  1258
1438  1259
1439  1260
1440  1261
1441  1262
1442  1262
1443  1263
1444  1263
1445  1263
1446  1264
1447  1264
1448  1264
1449  1264
1450  1264
1451  1264
1452  1264
1453  1264
1454  1264
1455  1264
1456  1264
1457  1263
1458  1263
1459  1263
1460  1262
1461  1262
1462  1261
1463  1261
1464  1261
1465  1260
1466  1260
1467  1259
1468  1259
1469  1258
1470  1258
1471  1257
1472  1257
1473  1257
1474  1256
1475  1255
1476  1255
1477  1255
1478  1255
1479  1255
1480  1255
1481  1255
1482  1255
1483  1256
1484  1256
1485  1257
1486  1258
1487  1259
1488  1260
1489  1261
1490  1262
1491  1263
1492  1264
1493  1265
1494  1266
1494  1267
1495  1268
1496  1269
1496  1270
1497  1271
1497  1272
1498  1273
1498  1274
1498  1275
1499  1276
1499  1277
1500  1278
1500  1279
1500  1280
1501  1281
1501  1282
1501  1283
1502  1284
1502  1285
1503  1286
1503  1287
1503  1288
1503  1289
1503  1290
1503  1291
1503  1292
1503  1293
1504  1294
1504  1295
1504  1296
1504  1297
1504  1298
1504  1299
1504  1300
1504  1301
1504  1302
1505  1303
1505  1304
1505  1305
1505  1306
1505  1307
1505  1308
1505  1309
1505  1310
1505  1311
1505  1312
1505  1313
1504  1314
1504  1315
1504  1316
1504  1317
1504  1318
1504  1319
1504  1320
1504  1321
1503  1322
1503  1323
1503  1324
1503  1325
1503  1326
1503  1327
1503  1328
1502  1329
1502  1330
1502  1331
1502  1332
1502  1333
1502  1334
1502  1335
1501  1336
1500  1337
1499  1338
1498  1338
1497  1339
1496  1339
1495  1339
1494  1339
1493  1339
1492  1339
1491  1338
1490  1338
1489  1338
1488  1338
1487  1338
1486  1337
1485  1337
1484  1337
1483  1337
1482  1336
1481  1336
1480  1336
1479  1336
1478  1336
1477  1335
1476  1335
1475  1335
1474  1334
1473  1334
1472  1334
1471  1334
1470  1334
1469  1333
1468  1333
1467  1333
1466  1333
1465  1333
1464  1332
1463  1332
1462  1332
1461  1332
1460  1331
1459  1331
1458  1331
1457  1331
1456  1331
1455  1331
1454  1331
1453  1331
1452  1331
1451  1331
1450  1331
1449  1331
1448  1331
1447  1331
1446  1331
1445  1331
1444  1331
1443  1331
1442  1332
1441  1332
1440  1332
1439  1333
1438  1333
1437  1334
1436  1334
1435  1335
1434  1336
1433  1337
1432  1338
1432  1339
1432  1340
1432  1341
1432  1342
1432  1343
1433  1344
1433  1345
1433  1346
1433  1347
1434  1348
1434  1349
1434  1350
1435  1351
1435  1352
1435  1353
1435  1354
1436  1355
1436  1356
1437  1357
1437  1358
1437  1359
1437  1360
1438  1361
1438  1362
1438  1363
1438  1364
1438  1365
1437  1366
1437  1367
1437  1368
1437  1369
1436  1370
1436  1371
1435  1372
1434  1373
1433  1374
1432  1375
1431  1376
1430  1377
1429  1378
1428  1378
1427  1379
1426  1379
1425  1380
1424  1380
1423  1381
1422  1381
1421  1381
1420  1381
1419  1382
1418  1382
1417  1382
1416  1383
1415  1383
1414  1383
1413  1383
1412  1383
1411  1383
1410  1384
1409  1384
1408  1384
1407  1384
1406  1384
1405  1384
1404  1384
1403  1384
1402  1383
1401  1383
1400  1383
1399  1383
1398  1383
1397  1382
1396  1382
1395  1382
1394  1382
1393  1381
1392  1381
1391  1380
1390  1380
1389  1379
1388  1378
1387  1377
1386  1376
1385  1375
1385  1374
1384  1373
1384  1372
1383  1371
1383  1370
1383  1369
1382  1368
1382  1367
1382  1366
1382  1365
1382  1364
1382  1363
1382  1362
1383  1361
1383  1360
1383  1359
1383  1358
1383  1357
1383  1356
1384  1355
1384  1354
1384  1353
1384  1352
1384  1351
1384  1350
1384  1349
1384  1348
1383  1347
1383  1346
1383  1345
1382  1344
1382  1343
1382  1342
1381  1341
1380  1340
1379  1339
1378  1338
1377  1338
1376  1337
1375  1337
1374  1336
1373  1336
1372  1336
1371  1336
1370  1336
1369  1336
1368  1336
1367  1336
1366  1336
1365  1336
1364  1336
1363  1336
1362  1336
1361  1336
1360  1336
1359  1336
1358  1337
1357  1337
1356  1337
1355  1337
1354  1337
1353  1338
1352  1338
1351  1338
1350  1339
1349  1339
1348  1340
1347  1340
1346  1341
1345  1341
1344  1342
1343  1342
1342  1343
1341  1344
1340  1344
1339  1345
1338  1345
1337  1346
1336  1347
1335  1348
1334  1349
1333  1349
1332  1350
1331  1351
1330  1351
1329  1352
1328  1353
1327  1354
1326  1355
1325  1355
1324  1356
1323  1357
1322  1358
1321  1358
1320  1358
1319  1358
1318  1358
1317  1358
1316  1357
1315  1356
1314  1355
1313  1354
1313  1353
1312  1352
1311  1351
1310  1350
1309  1349
1308  1348
1307  1347
1306  1346
1306  1345
1305  1344
1304  1343
1303  1342
1303  1341
1302  1340
1301  1339
1301  1338
1300  1337
1299  1336
1299  1335
1298  1334
1298  1333
1297  1332
1297  1331
1297  1330
1296  1329
1295  1328
1295  1327
1294  1326
1294  1325
1294  1324
1294  1323
1294  1322
1293  1321
1293  1320
1292  1319
1292  1318
1292  1317
1292  1316
1291  1315
1291  1314
1291  1313
1291  1312
1291  1311
1290  1310
1290  1309
1291  1308
1291  1307
1291  1306
1291  1305
1292  1304
1292  1303
1292  1302
1293  1301
1293  1300
1294  1299
1294  1298
1295  1297
1296  1296
1297  1295
1298  1295
1299  1294
1300  1293
1301  1293
1302  1293
1303  1293
1304  1293
1305  1293
1306  1293
1307  1293
1308  1293
1309  1293
1310  1293
1311  1293
1312  1293
1313  1293
1314  1293
1315  1293
1316  1293
1317  1293
1318  1292
1319  1292
1320  1292
1321  1292
1322  1292
1323  1292
1324  1291
1325  1291
1326  1291
1327  1290
1328  1289
1329  1288
1330  1287
1331  1286
1332  1285
1333  1284
1333  1283
1334  1282
1334  1281
1335  1280
1335  1279
1335  1278
1335  1277
1335  1276
1336  1275
1336  1274
1336  1273
1336  1272
1336  1271
1336  1270
1336  1269
1336  1268
1335  1267
1335  1266
1335  1265
1335  1264
1335  1263
1334  1262
1334  1261
1334  1260
1333  1259
1333  1258
1332  1257
1332  1256
1332  1255
1331  1254
1331  1253
1330  1252
1329  1251
1328  1250
1327  1249
1326  1248
1325  1247
1324  1246
1323  1246
1322  1245
1321  1244
1320  1244
1319  1243
1318  1243
1317  1242
1316  1242
1315  1242
1314  1241
1313  1241
1312  1241
1311  1241
1310  1241
1309  1241
1308  1241
1307  1241
1306  1241
1305  1241
1304  1241
1303  1242
1302  1242
1301  1242
1300  1243
1299  1243
1298  1244
1297  1244
1296  1245
1295  1245
1294  1246
1293  1246
1292  1247
1291  1247
1290  1248
1289  1248
1288  1248
1287  1248
1286  1249
1285  1249
1284  1249
1283  1249
1282  1249
1281  1248
1280  1248
1279  1247
1278  1246
1277  1245
1276  1244
1276  1243
1275  1242
1275  1241
1275  1240
1274  1239
1274  1238
1274  1237
1274  1236
1274  1235
1273  1234
1273  1233
1273  1232
1273  1231
1273  1230
1273  1229
1272  1228
1272  1227
1272  1226
1272  1225
1272  1224
1272  1223
1272  1222
1272  1221
1272  1220
1272  1219
1272  1218
1273  1217
1273  1216
1273  1215
1273  1214
1273  1213
1273  1212
1273  1211
1274  1210
1274  1209
1274  1208
1274  1207
1274  1206
1274  1205
1274  1204
1274  1203
1274  1202
1274  1201
1275  1200
1275  1199
1275  1198
1275  1197
1275  1196
1275  1195
1275  1194
1276  1193
1276  1192
1276  1191
1276  1190
1276  1189
1276  1188
1276  1187
1276  1186
1277  1185
1277  1184
1278  1183
1279  1183
1280  1183
1281  1184
1282  1184
1283  1184
1284  1184
1285  1184
1286  1185
1287  1185
1288  1185
1289  1185
1290  1185
1291  1185
1292  1185
1293  1185
1294  1185
1295  1186
1296  1186
1297  1186
1298  1186
1299  1186
1300  1186
1301  1186
1302  1186
1303  1186
1304  1185
1305  1185
1306  1185
1307  1185
1308  1185
1309  1185
1310  1185
1311  1184
1312  1184
1313  1184
1314  1183
1315  1183
1316  1183
1317  1183
1318  1182
1319  1182
1320  1182
1321  1181
1322  1181
1323  1180
1324  1180
1325  1179
1326  1178
1327  1177
1328  1176
1329  1176
1330  1175
1331  1174
1332  1173
1333  1172
1334  1171
1335  1170
1335  1169
1335  1168
1335  1167
1335  1166
1335  1165
1335  1164
1334  1163
1334  1162
1334  1161
1334  1160
1333  1159
1333  1158
1332  1157
1332  1156
1331  1155
1331  1154
1331  1153
1330  1152
1330  1151
1330  1150
1329  1149
1329  1148
1328  1147
1328  1146
1328  1145
1327  1144
1327  1143
1327  1142
1327  1141
1327  1140
1326  1139
1327  1138
1327  1137
1327  1136
1327  1135
1328  1134
1328  1133
1328  1132
1329  1131
1330  1130
1330  1129
1331  1128
1332  1127
1333  1126
1334  1125
1335  1124
1336  1123
1337  1122
1338  1122
1339  1121
1340  1121
1341  1120
1342  1120
1343  1119
1344  1119
1345  1118
1346  1118
1347  1118
1348  1117
1349  1117
1350  1117
1351  1116
1352  1116
1353  1116
1354  1116
1355  1116
1356  1116
1357  1116
1357  1116
