279 478
280 477
280 476
280 475
281 474
281 473
281 472
282 471
283 470
283 470
284 469
285 469
286 469
287 469
288 469
289 469
290 469
291 469
292 469
293 469
294 469
295 469
296 469
297 469
298 469
299 469
300 470
301 470
302 470
303 470
304 470
305 470
306 470
307 470
308 470
309 470
310 470
311 470
312 470
313 470
314 470
315 471
316 471
317 471
318 471
319 471
320 471
321 471
322 471
323 471
324 471
325 471
326 471
327 472
328 472
329 472
330 472
331 472
332 472
333 473
334 473
335 473
336 473
337 473
338 473
339 474
340 474
341 474
342 474
343 474
344 475
345 475
346 475
347 475
348 475
349 475
350 476
351 476
352 476
353 477
354 477
355 477
356 477
357 478
358 478
359 478
360 479
361 479
362 479
363 479
364 480
365 480
366 480
367 481
368 481
369 481
370 482
371 482
372 482
373 483
374 483
375 483
376 484
377 484
378 485
379 485
380 485
381 486
382 486
383 487
384 487
385 487
386 488
387 489
388 489
389 489
390 490
391 491
392 491
393 491
394 492
395 492
396 493
397 493
398 494
399 494
400 495
401 495
402 496
403 496
404 497
405 497
406 498
407 498
408 499
409 499
410 500
411 500
412 501
413 501
414 502
415 502
416 503
417 503
418 504
419 505
420 505
421 506
422 506
423 507
424 508
425 508
426 509
427 510
428 510
429 511
430 511
431 512
432 513
433 513
434 514
435 515
436 515
437 516
438 517
439 518
440 518
441 519
442 520
443 521
444 521
445 522
446 523
447 524
448 525
449 526
450 526
451 527
452 528
453 529
454 530
455 531
456 531
457 532
458 533
459 534
460 535
461 536
462 537
463 538
464 539
465 540
466 541
467 542
468 543
469 544
470 545
471 546
472 547
473 548
474 549
474 550
475 551
476 552
477 553
477 554
478 555
479 556
480 557
480 558
481 559
482 560
483 561
483 562
484 563
485 564
485 565
486 566
486 567
487 568
487 569
487 570
488 571
488 572
489 573
489 574
489 575
490 576
490 577
490 578
491 579
491 580
491 581
492 582
492 583
492 584
493 585
493 586
493 587
494 588
494 589
494 590
495 591
495 592
495 593
495 594
496 595
496 596
496 597
496 598
497 599
497 600
497 601
497 602
497 603
497 604
497 605
497 606
497 607
497 608
497 609
497 610
497 611
497 612
497 613
496 614
495 614
494 614
493 614
492 614
491 614
490 614
489 614
488 614
487 614
486 614
485 614
484 614
483 614
482 614
481 614
480 614
479 614
478 614
477 614
476 614
475 615
474 615
473 615
472 615
471 615
470 615
469 615
468 615
467 615
466 615
465 615
464 615
463 615
462 616
461 616
460 616
459 616
458 616
457 616
456 616
455 616
454 617
453 617
452 617
451 617
450 617
449 618
448 618
447 618
446 618
445 618
444 619
443 619
442 619
441 619
440 619
439 620
438 620
437 620
436 620
435 621
434 621
433 621
432 622
431 622
430 622
429 622
428 623
427 623
426 624
425 624
424 624
423 624
422 625
421 625
420 626
419 626
418 626
417 627
416 627
415 627
414 628
413 628
412 629
411 629
410 629
409 630
408 630
407 631
406 631
405 631
404 632
403 632
402 633
401 633
400 633
399 634
398 634
397 635
396 635
395 636
394 636
393 636
392 637
391 637
390 638
389 638
388 638
387 639
386 639
385 640
384 640
383 640
382 641
381 641
380 641
379 641
378 642
377 642
376 642
375 642
374 643
373 643
372 643
371 643
370 643
369 644
368 644
367 644
366 644
365 644
364 644
363 645
362 645
361 645
360 645
359 645
358 645
357 646
356 646
355 646
354 646
353 646
352 646
351 646
350 646
349 646
348 646
347 647
346 647
345 647
344 647
343 647
342 647
341 647
340 647
339 647
338 648
337 648
336 648
335 648
334 648
333 648
332 648
331 648
330 648
329 648
328 648
327 648
326 648
325 648
324 648
323 648
322 648
321 648
320 647
319 647
318 647
317 647
316 647
315 647
314 647
313 647
312 647
311 647
310 647
309 646
308 646
307 646
306 646
305 646
304 646
303 646
302 645
301 645
300 645
299 645
298 645
297 645
296 645
295 644
294 644
293 644
292 644
291 644
290 644
289 644
288 643
287 643
286 643
285 643
284 643
283 642
282 642
281 642
280 642
279 641
278 641
277 641
276 640
275 640
274 639
273 638
273 637
273 636
273 635
272 634
272 633
272 632
272 631
272 630
271 629
271 628
271 627
271 626
271 625
271 624
270 623
270 622
270 621
270 620
270 619
270 618
269 617
269 616
269 615
269 614
269 613
269 612
268 611
268 610
268 609
268 608
268 607
268 606
268 605
267 604
267 603
267 602
267 601
267 600
267 599
267 598
267 597
266 596
266 595
266 594
266 593
266 592
266 591
266 590
266 589
266 588
266 587
265 586
265 585
265 584
265 583
265 582
265 581
265 580
265 579
265 578
265 577
265 576
265 575
265 574
265 573
265 572
265 571
265 570
265 569
265 568
265 567
265 566
265 565
265 564
265 563
265 562
265 561
265 560
265 559
265 558
265 557
266 556
266 555
266 554
266 553
266 552
266 551
266 550
266 549
266 548
266 547
267 546
267 545
267 544
267 543
267 542
267 541
267 540
268 539
268 538
268 537
268 536
268 535
268 534
268 533
269 532
269 531
269 530
269 529
269 528
269 527
269 526
270 525
270 524
270 523
270 522
270 521
270 520
271 519
271 518
271 517
271 516
271 515
271 514
272 513
272 512
272 511
272 510
272 509
273 508
273 507
273 506
273 505
273 504
274 503
274 502
274 501
274 500
274 499
275 498
275 497
275 496
275 495
275 494
276 493
276 492
276 491
276 490
277 489
277 488
277 487
277 486
278 485
278 484
278 483
278 482
279 481
279 480
279 479
