278  16
279  16
280  16
281  16
282  16
283  16
284  16
285  16
286  17
287  17
288  17
289  17
290  17
291  18
292  18
293  19
294  19
295  19
296  20
297  20
298  21
299  22
300  23
301  23
302  24
303  25
304  26
305  27
306  28
307  29
308  30
309  31
310  32
310  33
311  34
312  35
312  36
313  37
313  38
314  39
315  40
315  41
315  42
316  43
316  44
317  45
317  46
317  47
318  48
318  49
319  50
319  51
319  52
319  53
320  54
320  55
320  56
320  57
320  58
321  59
321  60
321  61
321  62
321  63
321  64
321  65
322  66
322  67
322  68
322  69
322  70
322  71
322  72
322  73
322  74
322  75
322  76
322  77
322  78
322  79
321  80
321  81
321  82
321  83
321  84
321  85
321  86
320  87
320  88
320  89
320  90
320  91
319  92
319  93
319  94
319  95
318  96
318  97
317  98
317  99
317  100
316  101
316  102
315  103
315  104
315  105
314  106
313  107
313  108
312  109
312  110
311  111
310  112
310  113
309  114
308  115
307  116
306  117
305  118
304  119
304  120
304  121
304  122
304  123
304  124
304  125
304  126
304  127
304  128
304  129
304  130
304  131
304  132
304  133
304  134
304  135
304  136
304  137
304  138
304  139
304  140
304  141
304  142
304  143
304  144
304  145
304  146
304  147
304  148
304  149
304  150
304  151
304  152
304  153
304  154
304  155
304  156
304  157
304  158
304  159
304  160
304  161
304  162
304  163
304  164
304  165
304  166
304  167
304  168
304  169
304  170
304  171
304  172
304  173
304  174
304  175
304  176
304  177
304  178
304  179
304  180
304  181
304  182
304  183
304  184
304  185
304  186
304  187
304  188
304  189
304  190
304  191
304  192
304  193
304  194
304  195
304  196
304  197
304  198
304  199
304  200
304  201
304  202
304  203
304  204
304  205
304  206
304  207
304  208
304  209
304  210
304  211
304  212
304  213
304  214
304  215
304  216
304  217
304  218
304  219
304  220
304  221
304  222
304  223
304  224
304  225
304  226
304  227
304  228
304  229
304  230
304  231
304  232
304  233
304  234
304  235
304  236
304  237
304  238
304  239
304  240
304  241
304  242
304  243
304  244
304  245
304  246
304  247
304  248
304  249
304  250
304  251
304  252
304  253
304  254
304  255
304  256
304  257
304  258
304  259
304  260
304  261
304  262
304  263
304  264
304  265
304  266
304  267
304  268
304  269
304  270
304  271
304  272
304  273
304  274
304  275
304  276
304  277
304  278
304  279
304  280
304  281
304  282
304  283
304  284
304  285
304  286
304  287
304  288
304  289
304  290
304  291
304  292
304  293
304  294
304  295
304  296
304  297
304  298
304  299
304  300
304  301
304  302
304  303
304  304
304  305
304  306
304  307
303  308
303  309
302  310
302  311
301  312
301  313
301  314
300  315
300  316
299  317
299  318
298  319
298  320
297  321
297  322
296  323
295  324
295  325
294  326
294  327
293  328
292  329
292  330
291  331
291  332
290  333
289  334
288  335
287  336
286  337
285  338
284  339
284  340
283  341
282  342
281  343
280  344
279  345
278  346
277  346
276  347
275  348
274  349
273  349
272  350
271  351
270  351
269  352
268  352
267  352
266  352
265  352
264  352
263  352
262  352
261  352
260  352
259  352
258  352
257  352
256  352
255  352
254  352
253  352
252  352
251  352
250  352
249  352
248  352
247  352
246  352
245  352
244  352
243  352
242  352
241  352
240  352
239  352
238  352
237  352
236  352
235  352
234  352
233  352
232  352
231  352
230  352
229  352
228  352
227  352
226  352
225  352
224  352
223  352
222  352
221  352
220  352
219  352
218  352
217  352
216  352
215  352
214  352
213  352
212  352
211  352
210  352
209  352
208  352
207  352
206  352
205  352
204  352
203  352
202  352
201  352
200  352
199  352
198  352
197  352
196  352
195  352
194  352
193  352
192  352
191  352
190  352
189  352
188  352
187  352
186  352
185  352
184  352
183  352
182  352
181  352
180  352
179  352
178  352
177  352
176  352
175  352
174  352
173  352
172  352
171  352
170  352
169  352
168  352
167  352
166  352
165  352
164  352
163  352
162  352
161  352
160  352
159  352
158  352
157  352
156  352
155  352
154  352
153  352
152  352
151  352
150  352
149  352
148  352
147  352
146  352
145  352
144  352
143  352
142  352
141  352
140  352
139  352
138  351
137  350
136  349
135  348
134  347
134  346
133  345
132  344
131  343
130  342
129  341
128  340
127  339
126  338
125  337
124  336
124  335
123  334
122  333
121  332
120  331
119  330
118  329
117  328
116  327
115  326
114  325
114  324
113  323
112  322
111  321
110  320
109  319
108  318
107  317
106  316
105  315
104  314
104  313
103  312
102  311
101  310
100  309
99  308
98  307
97  306
96  305
95  304
94  303
94  302
93  301
92  300
91  299
90  298
89  297
88  296
87  295
86  294
85  293
84  292
83  291
83  290
82  289
81  288
80  287
79  286
78  285
77  284
76  283
75  282
74  281
73  280
73  279
72  278
71  277
70  276
69  275
68  274
67  273
66  272
65  271
64  270
63  269
63  268
62  267
61  266
60  265
59  264
58  263
57  262
56  261
55  260
54  259
53  258
53  257
52  256
51  255
50  254
49  253
48  252
47  251
46  250
45  249
44  248
43  247
43  246
42  245
41  244
40  243
39  242
39  241
39  240
39  239
39  238
39  237
39  236
40  235
40  234
40  233
40  232
41  231
41  230
41  229
41  228
42  227
42  226
42  225
42  224
43  223
43  222
43  221
43  220
44  219
44  218
44  217
44  216
45  215
45  214
45  213
45  212
46  211
46  210
46  209
46  208
47  207
47  206
47  205
47  204
48  203
48  202
48  201
49  200
49  199
49  198
49  197
50  196
50  195
50  194
50  193
51  192
51  191
51  190
51  189
52  188
52  187
52  186
52  185
53  184
53  183
53  182
53  181
54  180
54  179
54  178
54  177
55  176
55  175
55  174
55  173
56  172
56  171
56  170
56  169
57  168
57  167
57  166
57  165
58  164
58  163
58  162
58  161
59  160
59  159
59  158
60  157
60  156
60  155
60  154
61  153
61  152
61  151
61  150
62  149
62  148
62  147
62  146
63  145
63  144
63  143
63  142
64  141
64  140
64  139
64  138
65  137
65  136
65  135
65  134
66  133
66  132
66  131
66  130
67  129
67  128
67  127
67  126
68  125
68  124
68  123
68  122
69  121
69  120
69  119
69  118
70  117
70  116
70  115
70  114
70  113
71  112
71  111
71  110
71  109
71  108
72  107
72  106
72  105
72  104
72  103
73  102
73  101
73  100
73  99
73  98
74  97
74  96
74  95
74  94
74  93
75  92
75  91
75  90
75  89
75  88
76  87
76  86
76  85
76  84
76  83
77  82
77  81
77  80
77  79
77  78
78  77
78  76
78  75
78  74
78  73
79  72
79  71
79  70
80  70
81  70
82  71
83  71
84  71
85  71
86  72
87  72
88  72
89  72
90  73
91  73
92  73
93  73
94  74
95  74
96  74
97  74
98  74
99  75
100  75
101  75
102  75
103  76
104  76
105  76
106  76
107  77
108  77
109  77
110  77
111  77
112  78
113  78
114  78
115  78
116  79
117  79
118  79
119  79
120  80
121  80
122  80
123  80
124  81
125  81
126  81
126  82
127  83
127  84
127  85
127  86
128  87
128  88
128  89
129  90
129  91
129  92
129  93
130  94
130  95
130  96
131  97
131  98
131  99
131  100
132  101
132  102
132  103
133  104
133  105
133  106
133  107
134  108
134  109
134  110
135  111
135  112
135  113
136  114
136  115
136  116
136  117
137  118
137  119
137  120
138  121
138  122
138  123
138  124
139  125
139  126
139  127
140  128
140  129
140  130
140  131
141  132
142  131
143  130
144  129
144  128
145  127
145  126
146  125
147  124
147  123
148  122
149  121
149  120
150  119
151  118
151  117
152  116
152  115
153  114
154  113
154  112
155  111
156  110
156  109
157  108
158  107
158  106
159  105
159  104
160  103
161  102
161  101
162  100
163  99
163  98
164  97
165  96
165  95
166  94
166  93
167  92
168  91
168  90
169  89
170  88
170  87
171  86
172  85
172  84
173  83
174  82
174  81
175  80
175  79
176  78
177  77
177  76
178  75
179  74
179  73
180  72
181  71
181  70
182  69
182  68
183  67
184  66
184  65
185  64
186  63
186  62
187  61
188  60
188  59
189  58
189  57
190  56
191  55
191  54
192  53
193  52
193  51
194  50
195  49
195  48
196  47
196  46
197  45
198  44
198  43
199  42
200  42
201  42
202  42
203  41
204  41
205  41
206  41
207  41
208  41
209  40
210  40
211  40
212  40
213  40
214  40
215  40
216  39
217  39
218  39
219  39
220  39
221  39
222  38
223  38
224  38
225  38
226  38
227  38
228  38
229  37
230  37
231  37
232  37
233  37
234  37
235  36
236  36
237  36
238  36
239  36
240  36
241  36
242  35
243  35
244  35
245  35
246  35
247  35
248  34
249  34
250  34
251  34
252  34
253  33
253  32
254  31
255  30
256  29
257  28
258  27
259  26
260  25
261  24
262  23
263  23
264  22
265  21
266  20
267  20
268  19
269  19
270  19
271  18
272  18
273  17
274  17
275  17
276  17
277  17
277  17
