477 64
477 63
476 62
476 61
476 60
475 59
474 58
473 57
473 56
473 56
474 55
475 55
476 55
477 55
478 55
479 55
480 55
481 55
482 55
483 55
484 55
485 55
486 55
487 55
488 55
489 55
490 55
491 55
492 55
493 55
494 55
495 55
496 55
497 55
498 55
499 55
500 55
501 55
502 56
503 56
504 56
505 56
506 56
507 56
508 56
509 56
510 56
511 56
512 56
513 56
514 56
515 56
516 56
517 56
518 56
519 56
520 56
521 56
522 56
523 56
524 56
525 56
526 56
527 56
528 56
529 56
530 56
531 56
532 56
533 56
534 56
535 56
536 56
537 56
538 56
539 56
540 57
541 57
542 57
543 57
544 57
545 57
546 57
547 57
548 57
549 57
550 57
551 57
552 57
553 57
554 57
555 57
556 57
557 57
558 57
559 57
560 57
561 57
562 57
563 57
564 57
565 57
566 57
567 57
568 57
569 57
570 57
571 58
572 58
573 58
574 58
575 58
576 58
577 58
578 58
579 58
580 58
581 58
582 58
583 58
584 58
585 58
586 58
587 58
588 58
589 58
590 58
591 58
592 58
593 58
594 58
595 58
596 58
597 58
598 58
599 58
600 58
601 58
602 58
603 58
604 58
605 58
606 58
607 58
608 58
609 58
610 59
611 59
612 59
613 59
614 59
615 59
616 59
617 59
618 59
619 59
620 59
621 59
622 59
623 59
624 59
625 59
626 59
627 59
628 59
629 59
630 59
631 59
632 59
633 59
634 59
635 60
636 60
637 60
638 60
639 60
640 60
641 60
642 60
643 60
644 60
645 60
646 60
647 60
648 60
649 60
650 60
651 60
652 60
653 60
654 60
655 60
656 60
657 60
658 60
659 60
660 60
661 60
662 60
663 60
664 60
665 60
666 60
667 60
668 60
669 60
670 60
671 60
672 60
673 60
674 60
675 60
676 60
677 60
678 60
679 60
680 61
681 61
682 61
683 61
684 61
685 61
686 61
687 61
688 61
689 61
690 61
691 61
692 61
693 61
694 61
695 61
696 61
697 61
698 61
699 61
700 61
701 61
702 61
703 61
704 61
705 61
706 61
707 61
708 61
709 61
710 61
711 61
712 61
713 61
714 61
715 61
716 61
717 61
718 61
719 61
720 61
721 61
722 62
723 62
724 62
725 62
726 62
727 62
728 62
729 62
730 62
731 62
732 62
733 62
734 62
735 62
736 62
737 62
738 62
739 62
740 62
741 62
742 62
743 62
744 62
745 62
746 62
747 62
748 62
749 62
750 62
751 62
752 62
753 62
754 62
755 62
756 62
757 62
758 62
759 62
760 62
761 63
762 63
763 63
764 63
765 63
766 63
767 63
768 63
769 63
770 63
771 63
772 63
773 63
774 63
775 63
776 63
777 63
778 63
779 63
780 63
781 63
782 63
783 63
784 63
785 63
786 63
787 63
788 63
789 63
790 63
791 63
792 63
793 63
794 63
795 63
796 63
797 63
798 63
799 63
800 63
801 63
802 63
803 63
804 63
805 63
806 63
807 63
808 63
809 63
810 64
811 64
812 64
813 64
814 64
815 64
816 64
817 64
818 64
819 64
820 64
821 64
822 64
823 64
824 64
825 64
826 64
827 64
828 64
829 64
830 64
831 64
832 64
833 64
834 64
835 64
836 64
837 64
838 64
839 64
840 64
841 64
842 64
843 64
844 64
845 64
846 64
847 64
848 64
849 64
850 64
851 64
852 64
853 64
854 64
855 64
856 64
857 64
858 64
859 65
860 65
861 65
862 65
863 65
864 65
865 65
866 65
867 65
868 65
869 65
870 65
871 65
872 65
873 65
874 65
875 65
876 65
877 65
878 65
879 65
880 65
881 65
882 65
883 65
884 65
885 65
886 65
887 66
887 67
887 68
886 69
885 70
884 71
883 72
882 73
881 74
880 75
879 76
878 77
877 78
876 79
876 80
875 81
874 82
873 83
872 84
871 85
870 86
869 87
868 88
867 89
867 90
866 91
865 92
864 93
863 94
862 95
862 96
861 97
860 98
859 99
858 100
858 101
857 102
856 103
856 104
855 105
854 106
853 107
853 108
852 109
851 110
851 111
850 112
849 113
849 114
848 115
848 116
847 117
846 118
846 119
845 120
845 121
844 122
843 123
843 124
842 125
842 126
841 127
840 128
840 129
839 130
839 131
838 132
838 133
837 134
837 135
836 136
836 137
835 138
835 139
834 140
833 141
833 142
833 143
832 144
832 145
831 146
831 147
830 148
830 149
829 150
829 151
828 152
828 153
827 154
827 155
826 156
826 157
825 158
825 159
825 160
824 161
824 162
823 163
823 164
822 165
822 166
822 167
821 168
821 169
821 170
820 171
820 172
819 173
819 174
818 175
818 176
818 177
817 178
817 179
816 180
816 181
816 182
815 183
815 184
815 185
814 186
814 187
814 188
813 189
813 190
813 191
812 192
812 193
812 194
812 195
811 196
811 197
810 198
810 199
810 200
809 201
809 202
809 203
808 204
808 205
808 206
808 207
807 208
807 209
807 210
806 211
806 212
806 213
805 214
805 215
805 216
805 217
804 218
804 219
804 220
803 221
803 222
803 223
803 224
802 225
802 226
802 227
802 228
801 229
801 230
801 231
801 232
801 233
801 234
801 235
801 236
800 237
800 238
800 239
800 240
800 241
799 242
799 243
799 244
799 245
799 246
799 247
798 248
798 249
798 250
798 251
798 252
798 253
798 254
798 255
798 256
797 257
797 258
797 259
797 260
797 261
797 262
797 263
797 264
797 265
797 266
797 267
797 268
797 269
796 270
796 271
796 272
796 273
796 274
796 275
796 276
796 277
796 278
796 279
796 280
796 281
796 282
796 283
796 284
796 285
796 286
796 287
796 288
796 289
796 290
796 291
796 292
796 293
796 294
796 295
796 296
796 297
796 298
796 299
796 300
796 301
796 302
796 303
796 304
796 305
796 306
796 307
796 308
796 309
796 310
796 311
796 312
796 313
796 314
796 315
796 316
796 317
796 318
796 319
796 320
796 321
796 322
796 323
796 324
796 325
797 326
797 327
797 328
797 329
797 330
797 331
797 332
797 333
797 334
797 335
797 336
797 337
797 338
797 339
797 340
797 341
798 342
798 343
798 344
798 345
798 346
798 347
798 348
799 349
799 350
799 351
799 352
799 353
799 354
800 355
800 356
800 357
800 358
800 359
800 360
801 361
801 362
801 363
801 364
801 365
802 366
802 367
802 368
802 369
802 370
802 371
803 372
803 373
803 374
803 375
803 376
804 377
804 378
804 379
804 380
803 381
802 382
801 383
800 383
799 383
798 383
797 384
796 384
795 384
794 385
793 385
792 385
791 385
790 385
789 386
788 386
787 386
786 386
785 387
784 387
783 387
782 387
781 388
780 388
779 388
778 388
777 389
776 389
775 389
774 389
773 389
772 390
771 390
770 390
769 390
768 391
767 391
766 391
765 391
764 392
763 392
762 392
761 393
760 393
759 393
758 393
757 393
756 394
755 394
754 394
753 395
752 395
751 395
750 395
749 396
748 396
747 396
746 396
745 397
744 397
743 397
742 397
741 398
740 398
739 398
738 398
737 399
736 399
735 399
734 400
733 400
732 400
731 400
730 401
729 401
728 401
727 401
726 402
725 402
724 402
723 402
722 403
721 403
720 403
719 404
718 404
717 404
716 404
715 405
714 405
713 405
712 406
711 406
710 406
709 406
708 407
707 407
706 407
705 408
704 408
703 408
702 408
701 409
700 409
699 409
698 409
697 410
696 410
695 410
694 410
693 411
692 411
691 411
690 412
689 412
688 412
687 412
686 413
685 413
684 413
683 413
682 414
681 414
680 414
679 414
678 415
677 415
676 415
675 415
674 416
673 416
672 416
671 417
670 417
669 417
668 417
667 418
666 418
665 418
664 418
663 419
662 419
661 419
660 419
659 420
658 420
657 420
656 420
655 421
654 421
653 421
652 421
651 422
650 422
649 422
648 422
647 422
646 423
645 423
644 423
643 423
642 424
641 424
640 424
639 424
638 424
637 425
636 425
635 425
634 425
633 426
632 426
631 426
630 426
629 426
628 427
627 427
626 427
625 427
624 428
623 428
622 428
621 428
620 428
619 429
618 429
617 429
616 429
615 429
614 430
613 430
612 430
611 430
610 431
609 431
608 431
607 431
606 431
605 432
604 432
603 432
602 432
601 432
600 432
599 433
598 433
597 433
596 433
595 433
594 434
593 434
592 434
591 434
590 435
589 435
588 435
587 435
586 435
585 435
584 436
583 436
582 436
581 436
580 436
579 437
578 437
577 437
576 437
575 437
574 437
573 438
572 438
571 438
570 438
569 438
568 438
567 439
566 439
565 439
564 439
563 439
562 439
561 440
560 440
559 440
558 440
557 440
556 440
555 440
554 441
553 441
552 441
551 441
550 441
549 441
548 441
547 442
546 442
545 442
544 442
543 442
542 442
541 442
540 442
539 442
538 443
537 443
536 443
535 443
534 443
533 443
532 443
531 443
530 443
529 444
528 444
527 444
526 444
525 444
524 444
523 444
522 444
521 444
520 444
519 444
518 444
517 445
516 445
515 445
514 445
513 445
512 445
511 445
510 445
509 445
508 445
507 445
506 445
505 445
504 445
503 445
502 445
501 445
500 445
499 445
498 445
497 445
496 445
495 445
494 445
493 445
492 445
491 445
490 444
489 443
488 442
488 441
488 440
488 439
488 438
488 437
488 436
489 435
489 434
489 433
489 432
489 431
489 430
489 429
490 428
490 427
490 426
490 425
490 424
490 423
490 422
490 421
491 420
491 419
491 418
491 417
491 416
491 415
491 414
492 413
492 412
492 411
492 410
492 409
492 408
492 407
492 406
493 405
493 404
493 403
493 402
493 401
493 400
493 399
494 398
494 397
494 396
494 395
494 394
494 393
494 392
494 391
495 390
495 389
495 388
495 387
495 386
495 385
495 384
495 383
496 382
496 381
496 380
496 379
496 378
496 377
496 376
497 375
497 374
497 373
497 372
497 371
497 370
497 369
497 368
497 367
498 366
498 365
498 364
498 363
498 362
498 361
498 360
498 359
499 358
499 357
499 356
499 355
499 354
499 353
499 352
500 351
500 350
500 349
500 348
500 347
500 346
500 345
500 344
501 343
501 342
501 341
501 340
501 339
501 338
501 337
501 336
502 335
502 334
502 333
502 332
502 331
502 330
502 329
502 328
503 327
503 326
503 325
503 324
503 323
503 322
503 321
503 320
503 319
503 318
504 317
504 316
504 315
504 314
504 313
504 312
504 311
504 310
504 309
504 308
504 307
505 306
505 305
505 304
505 303
505 302
505 301
505 300
505 299
505 298
505 297
505 296
505 295
505 294
505 293
505 292
506 291
506 290
506 289
506 288
506 287
506 286
506 285
506 284
506 283
506 282
506 281
506 280
506 279
506 278
506 277
506 276
506 275
506 274
506 273
506 272
506 271
506 270
506 269
506 268
506 267
506 266
506 265
506 264
506 263
506 262
506 261
506 260
506 259
506 258
506 257
506 256
506 255
506 254
506 253
506 252
506 251
506 250
506 249
506 248
506 247
506 246
506 245
506 244
506 243
506 242
506 241
506 240
506 239
506 238
506 237
506 236
506 235
506 234
506 233
506 232
506 231
506 230
506 229
506 228
506 227
506 226
506 225
506 224
506 223
506 222
506 221
506 220
506 219
506 218
506 217
505 216
505 215
505 214
505 213
505 212
505 211
505 210
505 209
505 208
505 207
505 206
505 205
505 204
505 203
505 202
505 201
505 200
505 199
505 198
505 197
505 196
505 195
505 194
504 193
504 192
504 191
504 190
504 189
504 188
504 187
504 186
504 185
504 184
504 183
504 182
504 181
504 180
504 179
504 178
504 177
504 176
503 175
503 174
503 173
503 172
503 171
503 170
503 169
503 168
503 167
503 166
503 165
503 164
503 163
503 162
502 161
502 160
502 159
502 158
502 157
502 156
502 155
502 154
502 153
502 152
502 151
501 150
501 149
501 148
501 147
501 146
501 145
501 144
501 143
500 142
500 141
500 140
500 139
500 138
500 137
500 136
499 135
499 134
499 133
499 132
499 131
499 130
498 129
498 128
498 127
498 126
498 125
497 124
497 123
497 122
497 121
497 120
496 119
496 118
496 117
495 116
495 115
495 114
494 113
494 112
494 111
493 110
493 109
493 108
492 107
492 106
492 105
492 104
491 103
491 102
491 101
490 100
490 99
490 98
489 97
489 96
489 95
488 94
488 93
488 92
487 91
487 90
487 89
486 88
486 87
485 86
485 85
485 84
484 83
484 82
484 81
483 80
483 79
482 78
482 77
482 76
481 75
481 74
481 73
480 72
480 71
479 70
479 69
479 68
478 67
478 66
478 65

