528  414
529  414
530  414
531  414
532  414
533  414
534  414
535  414
536  414
537  415
537  416
537  417
537  418
537  419
537  420
537  421
537  422
537  423
537  424
537  425
537  426
537  427
537  428
537  429
537  430
537  431
537  432
537  433
537  434
537  435
537  436
537  437
537  438
537  439
537  440
537  441
538  442
538  443
538  444
538  445
538  446
538  447
538  448
538  449
538  450
538  451
538  452
539  453
539  454
539  455
539  456
539  457
539  458
539  459
539  460
539  461
540  462
540  463
540  464
540  465
540  466
541  467
541  468
541  469
541  470
541  471
542  472
542  473
542  474
542  475
543  476
543  477
543  478
543  479
544  480
544  481
545  482
545  483
545  484
546  485
547  486
547  487
548  488
549  489
550  490
551  491
552  492
553  492
554  493
555  493
556  493
557  493
558  493
559  493
560  493
561  493
562  493
563  493
564  492
565  492
566  491
567  491
568  490
569  489
570  488
570  487
571  486
572  485
572  484
573  483
573  482
574  481
575  480
576  479
577  478
578  477
579  476
580  475
581  474
582  474
583  474
584  473
585  473
586  473
587  473
588  473
589  473
590  473
591  473
592  473
593  473
594  473
595  473
596  474
597  474
598  474
599  474
600  475
601  476
602  476
603  477
604  478
605  478
606  479
607  480
608  481
609  482
610  483
611  484
612  485
613  486
614  487
615  488
616  489
616  490
617  491
617  492
618  493
618  494
618  495
619  496
619  497
619  498
620  499
620  500
620  501
621  502
621  503
621  504
621  505
621  506
621  507
621  508
621  509
621  510
621  511
621  512
621  513
621  514
621  515
620  516
620  517
619  518
619  519
619  520
618  521
617  522
616  523
615  523
614  524
613  525
612  525
611  526
610  527
609  527
608  527
607  528
606  528
605  528
604  528
603  529
602  529
601  529
600  529
599  529
598  530
597  530
596  530
595  531
594  531
593  531
592  532
591  533
590  534
589  535
588  536
587  537
586  538
586  539
585  540
585  541
585  542
584  543
584  544
584  545
584  546
584  547
584  548
585  549
585  550
585  551
586  552
586  553
586  554
587  555
587  556
588  557
589  558
589  559
590  560
591  561
591  562
592  563
593  564
594  565
594  566
595  567
596  568
597  569
598  570
599  571
600  572
601  573
602  574
603  574
604  575
605  576
606  576
607  577
608  578
609  579
610  579
611  580
612  580
613  581
614  582
615  582
616  583
616  584
616  585
616  586
616  587
616  588
616  589
616  590
615  591
614  592
614  593
613  594
613  595
613  596
613  597
612  598
612  599
611  600
611  601
610  602
610  603
609  604
608  605
608  606
607  607
607  608
606  609
605  610
605  611
604  612
604  613
603  614
602  615
601  616
601  617
600  618
599  619
598  620
598  621
597  622
596  623
595  624
594  625
594  626
593  627
592  628
591  629
591  630
590  631
589  632
588  633
587  634
586  634
585  634
584  634
583  634
582  635
582  636
582  637
582  638
582  639
581  640
580  640
579  641
578  641
577  642
576  642
575  643
574  643
573  643
572  643
571  643
570  643
569  643
568  643
567  643
566  643
565  643
564  642
563  642
562  641
561  640
560  639
559  638
559  637
559  636
558  635
557  634
557  633
557  632
557  631
556  630
556  629
556  628
555  627
555  626
555  625
554  624
554  623
554  622
553  621
553  620
552  619
552  618
551  617
550  616
549  615
548  614
547  613
546  613
545  612
544  611
543  611
542  610
541  610
540  609
539  609
538  608
537  608
536  608
535  608
534  608
533  608
532  608
531  608
530  608
529  608
528  608
527  608
526  608
525  608
524  608
523  608
522  608
521  609
520  609
519  610
518  611
517  611
516  611
515  611
514  612
513  612
512  613
511  613
510  613
509  614
508  615
507  616
506  617
505  618
504  619
503  620
502  621
501  622
500  623
500  624
499  625
499  626
498  627
498  628
497  629
497  630
497  631
497  632
497  633
497  634
497  635
497  636
497  637
498  638
498  639
499  640
499  641
500  642
501  643
501  644
502  645
503  646
503  647
504  648
505  649
506  650
507  651
508  652
509  653
510  654
511  655
512  655
513  656
514  657
515  658
516  659
517  660
518  661
519  662
519  663
519  664
519  665
519  666
519  667
519  668
519  669
519  670
519  671
518  672
518  673
518  674
517  675
517  676
517  677
516  678
516  679
515  680
515  681
514  682
513  683
512  684
511  685
510  686
509  687
508  688
507  689
506  690
505  691
504  692
503  693
502  693
501  694
500  695
499  696
498  697
497  698
496  699
495  699
494  700
493  700
492  701
491  701
490  702
489  703
488  704
487  704
486  705
485  705
484  706
483  707
482  707
481  707
480  708
479  709
478  709
477  709
476  710
475  710
474  710
473  711
472  711
471  712
470  712
469  712
468  713
467  713
466  713
465  714
464  714
463  714
462  715
461  715
460  715
459  715
458  715
457  715
456  714
455  713
455  712
455  711
455  710
455  709
455  708
455  707
455  706
455  705
455  704
455  703
455  702
455  701
455  700
455  699
455  698
455  697
455  696
455  695
455  694
455  693
455  692
454  691
454  690
454  689
454  688
454  687
454  686
454  685
453  684
453  683
453  682
453  681
453  680
453  679
452  678
452  677
452  676
452  675
451  674
451  673
451  672
450  671
450  670
449  669
449  668
449  667
448  666
448  665
447  664
446  663
446  662
446  661
445  660
444  659
444  658
443  657
443  656
442  655
442  654
441  653
441  652
440  651
439  650
438  649
438  648
437  647
436  646
435  645
434  644
433  643
432  642
431  641
430  641
429  640
428  639
427  639
426  638
425  638
424  638
423  637
422  637
421  637
420  636
419  636
418  636
417  636
416  636
415  636
414  637
413  637
412  638
411  638
410  638
409  639
408  640
407  641
406  642
406  643
405  644
404  645
403  646
402  647
401  648
400  649
399  650
398  651
397  652
396  653
395  653
394  654
393  655
392  656
391  656
390  656
389  657
388  657
387  657
386  657
385  657
384  657
383  657
382  657
381  657
380  657
379  657
378  656
377  656
376  656
375  655
374  655
373  654
372  653
371  653
370  652
369  651
368  650
367  649
366  648
365  647
364  646
363  645
362  644
361  643
360  642
360  641
359  640
359  639
358  638
357  637
357  636
357  635
357  634
356  633
356  632
356  631
355  630
355  629
355  628
355  627
355  626
355  625
355  624
355  623
355  622
355  621
355  620
355  619
356  618
356  617
356  616
357  615
357  614
358  613
359  612
359  611
360  610
361  609
362  608
363  607
364  606
365  606
366  605
367  605
368  605
369  605
370  604
371  604
372  604
373  604
374  603
375  603
376  603
377  602
378  602
379  601
380  601
381  600
382  600
383  599
384  598
385  597
385  596
385  595
385  594
386  593
386  592
386  591
386  590
385  589
385  588
385  587
385  586
384  585
384  584
384  583
383  582
382  581
382  580
381  579
380  578
379  577
378  576
377  575
376  574
375  573
374  573
373  572
372  571
371  570
370  569
369  568
368  568
367  567
366  567
365  566
364  565
363  565
362  564
361  563
360  563
359  562
358  562
357  561
356  560
355  560
354  560
353  559
352  558
351  558
350  557
349  557
348  556
347  556
346  555
345  554
344  554
343  554
342  553
341  552
340  551
339  550
339  549
338  548
338  547
338  546
338  545
338  544
339  543
340  542
340  541
341  540
342  539
342  538
343  537
344  536
344  535
345  534
346  533
346  532
347  531
348  530
348  529
349  528
350  527
351  526
351  525
352  524
352  523
353  522
354  521
354  520
355  519
356  518
357  517
358  516
358  515
359  514
360  513
361  512
362  511
363  510
364  509
365  508
366  507
367  506
368  505
369  505
370  504
371  504
372  503
373  502
374  502
375  501
376  501
377  500
378  500
379  499
380  498
381  498
382  498
383  497
384  497
385  497
386  497
387  497
388  497
389  496
390  496
391  496
392  496
393  496
394  496
395  496
396  496
397  496
398  496
399  496
400  497
401  497
402  497
403  498
404  498
405  499
406  500
407  501
408  502
409  503
409  504
409  505
410  506
410  507
411  508
411  509
411  510
412  511
412  512
412  513
412  514
413  515
413  516
413  517
414  518
414  519
415  520
415  521
416  522
417  523
418  524
419  525
420  526
421  527
422  528
423  529
424  529
425  529
426  530
427  530
428  530
429  531
430  531
431  531
432  531
433  531
434  531
435  531
436  531
437  531
438  531
439  531
440  531
441  531
442  531
443  530
444  530
445  530
446  529
447  529
448  528
449  528
450  527
451  527
452  526
453  526
454  525
455  525
456  524
457  524
458  523
459  522
460  521
461  520
462  519
463  518
464  517
465  516
466  515
467  514
468  513
468  512
469  511
469  510
470  509
470  508
470  507
471  506
471  505
471  504
471  503
471  502
471  501
471  500
471  499
471  498
471  497
471  496
471  495
470  494
470  493
469  492
469  491
469  490
468  489
467  488
466  487
465  486
464  485
463  484
462  483
461  482
460  481
459  480
458  479
457  478
456  477
456  476
455  475
455  474
454  473
453  472
453  471
453  470
452  469
452  468
452  467
452  466
452  465
452  464
452  463
452  462
452  461
452  460
452  459
452  458
452  457
453  456
453  455
454  454
454  453
455  452
455  451
456  450
456  449
457  448
458  447
458  446
459  445
460  444
461  443
462  442
463  441
464  440
465  439
466  438
467  437
468  436
469  435
470  435
471  434
472  433
473  433
474  432
475  432
476  431
477  431
478  430
479  429
480  429
481  428
482  428
483  427
484  427
485  427
486  426
487  426
488  425
489  425
490  425
491  424
492  424
493  424
494  423
495  423
496  423
497  422
498  422
499  422
500  422
501  421
502  421
503  421
504  420
505  420
506  420
507  420
508  420
509  419
510  419
511  419
512  418
513  418
514  418
515  418
516  417
517  417
518  417
519  417
520  416
521  416
522  416
523  416
524  416
525  415
526  415
527  415
527  415