538  213
539  213
540  213
541  213
542  213
543  213
544  213
545  213
546  213
547  213
548  213
549  213
550  214
551  214
552  214
553  214
554  214
555  214
556  214
557  215
558  215
559  216
560  216
561  216
562  216
563  217
564  217
565  218
566  218
567  219
568  220
569  221
570  221
571  222
572  223
573  224
574  225
575  226
576  227
577  228
578  229
578  230
579  231
580  232
580  233
581  234
581  235
582  236
582  237
582  238
582  239
582  240
582  241
582  242
582  243
582  244
582  245
582  246
581  247
581  248
581  249
580  250
580  251
580  252
579  253
579  254
578  255
578  256
577  257
576  258
575  259
575  260
574  261
573  262
573  263
572  264
571  265
571  266
570  267
569  268
569  269
569  270
568  271
568  272
568  273
568  274
568  275
568  276
568  277
569  278
569  279
569  280
569  281
570  282
570  283
571  284
572  285
573  286
574  287
575  288
576  289
577  290
578  291
579  291
580  292
581  292
582  293
583  293
584  294
585  295
586  295
587  296
588  296
589  296
590  296
591  297
592  297
593  297
594  297
595  298
596  298
597  298
598  298
599  298
600  298
601  298
602  298
603  298
604  298
605  298
606  298
607  298
608  298
609  298
610  298
611  298
612  298
613  298
614  298
615  297
616  297
617  297
618  296
619  296
620  296
621  295
622  294
623  294
624  294
625  294
626  294
627  293
628  293
629  292
630  292
631  292
632  292
633  291
634  291
635  291
636  291
637  291
638  290
639  290
640  290
641  290
642  290
643  291
644  292
644  293
644  294
644  295
644  296
644  297
644  298
644  299
644  300
644  301
644  302
645  303
645  304
645  305
645  306
645  307
645  308
645  309
646  310
646  311
646  312
646  313
646  314
646  315
646  316
646  317
646  318
646  319
646  320
647  321
647  322
647  323
647  324
647  325
648  326
648  327
648  328
648  329
648  330
648  331
648  332
648  333
648  334
648  335
648  336
648  337
648  338
648  339
648  340
648  341
648  342
648  343
648  344
647  345
647  346
647  347
646  348
646  349
646  350
646  351
646  352
646  353
646  354
645  355
645  356
644  357
644  358
644  359
643  360
643  361
642  362
642  363
641  364
641  365
640  366
639  367
638  368
637  369
636  370
635  370
634  370
633  370
632  371
631  371
630  371
629  371
628  371
627  371
626  371
625  371
624  371
623  370
622  370
621  370
620  370
619  369
618  369
617  368
616  367
615  367
614  366
613  365
612  364
611  364
610  363
609  362
608  361
607  361
606  360
605  359
604  359
603  359
602  359
601  358
600  358
599  358
598  357
597  357
596  357
595  357
594  358
593  358
592  359
591  359
590  359
589  359
588  360
587  361
586  362
585  363
584  364
583  365
582  366
582  367
582  368
582  369
581  370
580  370
579  370
578  371
578  372
578  373
577  374
577  375
576  376
576  377
575  378
575  379
574  380
574  381
574  382
573  383
573  384
573  385
572  386
572  387
572  388
571  389
571  390
571  391
571  392
570  393
570  394
569  395
569  396
569  397
569  398
569  399
569  400
569  401
569  402
569  403
569  404
569  405
569  406
569  407
569  408
570  409
570  410
571  411
571  412
571  413
571  414
572  415
572  416
573  417
573  418
574  419
575  420
575  421
576  422
577  423
578  424
579  424
580  424
581  424
582  424
583  424
584  424
585  424
586  424
587  424
588  424
589  424
590  424
591  424
592  424
593  424
594  424
595  424
596  424
597  424
598  424
599  425
600  425
601  426
602  426
603  427
604  428
605  429
606  429
607  430
608  431
609  432
609  433
610  434
610  435
611  436
611  437
611  438
612  439
612  440
612  441
612  442
612  443
612  444
612  445
612  446
612  447
612  448
612  449
612  450
612  451
611  452
611  453
610  454
610  455
610  456
609  457
609  458
609  459
609  460
608  461
607  462
607  463
607  464
606  465
606  466
605  467
605  468
604  469
603  470
603  471
602  472
601  473
601  474
600  475
599  476
598  477
598  478
598  479
597  480
596  481
595  482
594  483
593  484
592  485
591  486
591  487
590  488
589  489
588  490
587  491
586  491
585  492
584  493
583  494
582  495
581  496
580  497
579  498
578  499
577  500
576  501
575  501
574  502
573  502
572  503
571  504
570  505
569  506
568  507
567  507
566  507
565  508
564  509
563  510
562  511
561  512
560  512
559  513
558  514
557  514
556  515
555  515
554  515
553  516
552  517
551  517
550  517
549  518
548  519
547  519
546  519
545  520
544  521
543  521
542  521
541  521
540  522
539  523
538  523
537  523
536  524
535  524
534  524
533  524
532  525
531  525
530  526
529  526
528  526
527  526
526  526
525  526
524  526
523  527
522  527
521  527
520  528
519  528
518  528
517  528
516  528
515  528
514  528
513  528
512  528
511  528
510  528
509  528
508  528
507  528
506  528
505  527
504  527
503  527
502  526
501  526
500  526
499  526
498  526
497  525
496  525
495  524
494  524
493  523
492  522
491  521
490  520
490  519
489  518
489  517
489  516
489  515
489  514
488  513
488  512
488  511
488  510
488  509
488  508
488  507
489  506
489  505
489  504
489  503
490  502
490  501
490  500
491  499
492  498
493  497
493  496
494  495
494  494
495  493
496  492
496  491
497  490
498  489
498  488
499  487
499  486
499  485
500  484
501  483
501  482
501  481
501  480
501  479
501  478
500  477
500  476
499  475
499  474
499  473
498  472
498  471
498  470
497  469
496  468
496  467
495  466
494  465
493  464
492  464
491  463
490  462
489  462
488  461
487  460
486  460
485  459
484  459
483  459
482  458
481  457
480  457
479  457
478  456
477  455
476  455
475  455
474  455
473  454
472  454
471  453
470  453
469  453
468  453
467  453
466  453
465  453
464  453
463  453
462  453
461  453
460  453
459  454
458  454
457  454
456  455
455  455
454  455
453  456
452  456
451  457
450  458
449  459
448  460
447  461
447  462
447  463
446  464
445  465
445  466
445  467
445  468
445  469
444  470
444  471
443  472
443  473
443  474
443  475
443  476
443  477
443  478
443  479
443  480
443  481
442  482
442  483
442  484
442  485
441  486
441  487
440  488
440  489
439  490
438  491
437  492
436  492
435  493
434  493
433  494
432  494
431  494
430  494
429  494
428  494
427  494
426  495
425  495
424  495
423  495
422  495
421  495
420  495
419  495
418  495
417  494
416  494
415  494
414  494
413  493
412  493
411  492
410  491
409  490
408  489
407  488
406  487
405  486
405  485
404  484
403  483
402  482
401  481
400  480
399  479
399  478
398  477
397  476
396  475
395  474
394  473
394  472
393  471
392  470
391  469
390  468
389  467
388  466
387  465
387  464
386  463
385  462
384  461
383  460
382  459
381  458
380  457
380  456
379  455
378  454
377  453
376  452
375  451
374  450
373  449
372  448
371  447
370  446
369  446
368  445
367  444
366  443
365  442
364  441
363  441
362  440
361  439
360  438
359  437
358  437
357  436
356  435
355  434
354  433
353  432
352  432
351  431
350  430
349  430
348  429
348  428
347  427
347  426
347  425
347  424
347  423
348  422
348  421
348  420
349  419
350  418
350  417
350  416
351  415
352  414
352  413
353  412
354  411
354  410
354  409
355  408
355  407
356  406
356  405
357  404
357  403
357  402
358  401
359  400
360  399
360  398
361  397
361  396
362  395
362  394
362  393
363  392
364  391
364  390
365  389
366  388
366  387
367  386
368  385
368  384
369  383
370  382
370  381
370  380
371  379
371  378
372  377
373  376
373  375
373  374
374  373
375  372
375  371
376  370
377  369
377  368
378  367
378  366
378  365
379  364
380  363
380  362
381  361
382  360
383  359
384  358
385  357
386  356
387  356
388  355
389  355
390  355
391  354
392  354
393  354
394  354
395  354
396  354
397  354
398  355
399  355
400  355
401  356
402  357
403  358
404  359
405  360
406  361
407  362
408  363
409  364
410  365
411  365
412  365
413  366
414  367
415  367
416  367
417  367
418  367
419  367
420  367
421  367
422  367
423  367
424  366
425  366
426  365
427  365
428  364
429  364
430  364
431  363
432  362
433  362
434  361
435  360
436  359
437  358
438  357
439  356
440  355
441  354
442  353
442  352
443  351
444  350
444  349
445  348
446  347
446  346
446  345
447  344
448  343
448  342
448  341
448  340
449  339
450  338
450  337
450  336
450  335
450  334
451  333
451  332
451  331
451  330
451  329
451  328
451  327
450  326
450  325
450  324
450  323
450  322
450  321
450  320
450  319
449  318
448  317
448  316
448  315
447  314
446  313
445  312
444  311
443  310
442  309
441  308
440  307
439  307
438  306
437  306
436  306
435  306
434  305
433  305
432  305
431  304
430  304
429  304
428  304
427  304
426  304
425  303
424  303
423  303
422  302
421  302
420  302
419  302
418  302
417  302
416  301
415  301
414  300
413  300
412  299
411  298
410  297
409  296
408  295
407  294
407  293
406  292
405  291
405  290
405  289
404  288
404  287
404  286
403  285
403  284
403  283
403  282
403  281
404  280
404  279
404  278
404  277
405  276
405  275
405  274
405  273
405  272
405  271
406  270
407  269
407  268
407  267
408  266
409  265
409  264
409  263
410  262
410  261
410  260
411  259
412  258
412  257
413  256
413  255
414  254
414  253
415  252
416  251
416  250
417  249
417  248
418  247
419  246
419  245
419  244
420  243
421  242
422  241
422  240
423  239
423  238
424  237
425  236
426  235
426  234
427  233
428  232
428  231
429  230
430  229
431  228
432  227
432  226
433  225
434  224
435  223
435  222
436  221
437  220
438  219
439  218
440  217
441  216
442  215
443  214
444  214
445  214
446  214
447  215
448  216
449  217
450  218
451  219
452  220
453  221
454  222
455  223
456  224
457  225
458  226
459  227
460  228
461  229
462  230
463  231
464  232
465  233
466  234
466  235
467  236
468  237
469  238
470  239
471  240
472  241
473  242
474  243
475  243
476  244
477  245
478  245
479  246
480  247
481  248
482  249
483  250
484  250
485  251
486  252
487  252
488  253
489  253
490  254
491  254
492  255
493  255
494  256
495  257
496  257
497  258
498  258
499  259
500  259
501  259
502  260
503  260
504  260
505  260
506  260
507  260
508  260
509  260
510  260
511  260
512  260
513  260
514  260
515  259
516  259
517  258
518  257
519  256
520  255
521  254
521  253
522  252
522  251
522  250
522  249
521  248
521  247
521  246
521  245
521  244
521  243
521  242
521  241
521  240
521  239
521  238
521  237
521  236
521  235
522  234
522  233
522  232
522  231
522  230
522  229
523  228
523  227
524  226
524  225
524  224
525  223
525  222
526  221
527  220
528  219
529  218
530  217
531  216
532  216
533  215
534  215
535  214
536  214
537  214
537  214
