549  328
550  328
551  328
552  328
553  328
554  328
555  328
556  328
557  328
558  328
559  328
560  328
561  328
562  328
563  328
564  328
565  328
566  329
567  329
568  329
569  329
570  329
571  330
572  330
573  330
574  330
575  331
576  331
577  331
578  332
579  332
580  333
581  333
582  334
583  334
584  335
585  335
586  336
587  336
588  337
589  337
590  338
591  339
592  339
593  340
594  341
595  341
596  342
597  343
598  343
599  344
600  345
601  345
602  346
603  347
604  348
605  349
606  349
607  350
608  351
609  352
610  353
611  354
612  355
613  356
614  357
615  358
616  359
617  360
618  361
619  362
620  363
621  364
622  365
623  366
624  367
624  368
625  369
625  370
626  371
627  372
628  373
628  374
629  375
630  376
630  377
631  378
631  379
632  380
632  381
633  382
633  383
634  384
634  385
635  386
635  387
635  388
636  389
636  390
636  391
636  392
637  393
637  394
637  395
638  396
638  397
638  398
638  399
639  400
639  401
639  402
639  403
640  404
640  405
640  406
640  407
640  408
640  409
641  410
641  411
641  412
641  413
641  414
641  415
641  416
641  417
641  418
641  419
641  420
641  421
641  422
641  423
641  424
641  425
640  426
640  427
640  428
640  429
639  430
639  431
639  432
638  433
638  434
638  435
637  436
637  437
636  438
635  439
634  440
633  441
632  442
631  443
630  444
629  445
628  446
627  446
626  446
625  446
624  446
623  446
622  446
621  446
620  446
619  446
618  446
617  446
616  446
615  446
614  445
613  445
612  445
611  445
610  445
609  445
608  444
607  444
606  444
605  444
604  444
603  444
602  444
601  444
600  445
599  445
598  445
597  446
596  447
595  448
594  449
593  450
592  451
591  452
591  453
590  454
589  455
589  456
588  457
588  458
588  459
588  460
588  461
588  462
588  463
588  464
588  465
588  466
588  467
588  468
588  469
588  470
588  471
588  472
588  473
589  474
589  475
589  476
590  477
590  478
590  479
591  480
591  481
592  482
592  483
593  484
593  485
594  486
594  487
595  488
596  489
596  490
597  491
598  492
599  493
600  494
601  495
602  495
603  496
604  496
605  496
606  496
607  496
608  496
609  496
610  496
611  496
612  496
613  496
614  496
615  495
616  495
617  495
618  494
619  494
620  494
621  493
622  493
623  492
624  492
625  492
626  491
627  491
628  491
629  491
630  490
631  490
632  489
633  489
634  489
635  489
636  490
637  490
638  490
639  491
640  492
641  492
642  493
643  494
644  495
644  496
645  497
645  498
645  499
646  500
646  501
646  502
647  503
647  504
647  505
648  506
648  507
648  508
648  509
648  510
648  511
648  512
648  513
649  514
649  515
649  516
649  517
649  518
649  519
649  520
649  521
649  522
649  523
649  524
648  525
648  526
648  527
648  528
648  529
648  530
648  531
648  532
648  533
648  534
648  535
648  536
647  537
647  538
647  539
647  540
647  541
647  542
647  543
646  544
646  545
646  546
646  547
646  548
646  549
646  550
645  551
645  552
645  553
645  554
645  555
645  556
645  557
644  558
644  559
644  560
643  561
643  562
642  563
641  563
640  564
639  565
638  565
637  565
636  565
635  565
634  565
633  564
632  564
631  564
630  564
629  563
628  563
627  563
626  563
625  563
624  562
623  562
622  562
621  562
620  561
619  561
618  561
617  561
616  560
615  560
614  560
613  560
612  560
611  559
610  559
609  559
608  559
607  558
606  558
605  558
604  557
603  557
602  557
601  557
600  557
599  557
598  556
597  556
596  556
595  555
594  555
593  555
592  555
591  555
590  554
589  554
588  554
587  554
586  554
585  554
584  554
583  554
582  554
581  554
580  554
579  554
578  555
577  555
576  555
575  555
574  556
573  556
572  557
571  558
571  559
570  560
569  561
569  562
569  563
569  564
568  565
568  566
568  567
569  568
569  569
569  570
569  571
570  572
570  573
571  574
571  575
571  576
572  577
572  578
572  579
573  580
573  581
573  582
573  583
574  584
574  585
574  586
575  587
575  588
575  589
575  590
575  591
574  592
574  593
574  594
574  595
573  596
573  597
572  598
572  599
571  600
570  601
569  602
568  603
567  604
566  605
565  606
564  606
563  607
562  608
561  608
560  609
559  609
558  610
557  610
556  611
555  611
554  611
553  611
552  611
551  612
550  612
549  612
548  613
547  613
546  613
545  613
544  613
543  613
542  613
541  613
540  613
539  613
538  613
537  613
536  613
535  613
534  613
533  613
532  612
531  612
530  612
529  611
528  611
527  611
526  610
525  609
524  608
523  607
522  606
521  605
520  604
520  603
520  602
519  601
519  600
519  599
519  598
519  597
519  596
519  595
519  594
519  593
519  592
519  591
520  590
520  589
520  588
520  587
520  586
520  585
520  584
521  583
521  582
521  581
521  580
522  579
522  578
522  577
522  576
522  575
522  574
521  573
521  572
520  571
519  570
518  569
517  568
516  568
515  567
514  566
513  566
512  566
511  565
510  565
509  565
508  565
507  565
506  565
505  565
504  565
503  565
502  565
501  565
500  565
499  565
498  565
497  566
496  566
495  566
494  566
493  566
492  566
491  566
490  566
489  566
488  567
487  567
486  567
485  567
484  568
483  568
482  568
481  568
480  568
479  568
478  568
477  569
476  569
475  569
474  569
473  569
472  569
471  570
470  570
469  570
468  570
467  570
466  570
465  570
464  571
463  571
462  571
461  571
460  570
459  569
458  568
457  567
457  566
457  565
457  564
456  563
456  562
456  561
456  560
455  559
455  558
455  557
455  556
455  555
455  554
455  553
454  552
454  551
454  550
454  549
454  548
453  547
453  546
453  545
453  544
453  543
453  542
452  541
452  540
452  539
452  538
452  537
452  536
451  535
451  534
451  533
451  532
451  531
451  530
450  529
450  528
450  527
450  526
450  525
450  524
450  523
450  522
449  521
449  520
449  519
449  518
448  517
448  516
448  515
448  514
448  513
447  512
447  511
447  510
447  509
447  508
447  507
447  506
446  505
446  504
446  503
446  502
446  501
446  500
445  499
445  498
445  497
445  496
445  495
445  494
444  493
444  492
444  491
444  490
444  489
444  488
443  487
443  486
443  485
443  484
443  483
443  482
443  481
442  480
442  479
442  478
442  477
442  476
441  475
441  474
441  473
441  472
441  471
441  470
441  469
440  468
440  467
440  466
440  465
440  464
439  463
439  462
439  461
439  460
439  459
439  458
438  457
438  456
438  455
438  454
438  453
437  452
437  451
437  450
437  449
436  448
436  447
436  446
436  445
436  444
436  443
436  442
436  441
436  440
435  439
435  438
435  437
435  436
435  435
435  434
434  433
434  432
434  431
434  430
434  429
433  428
433  427
433  426
433  425
433  424
433  423
433  422
432  421
432  420
432  419
432  418
432  417
432  416
432  415
431  414
431  413
431  412
430  411
430  410
430  409
430  408
430  407
430  406
430  405
430  404
429  403
429  402
429  401
429  400
429  399
429  398
428  397
428  396
428  395
428  394
428  393
427  392
427  391
427  390
427  389
427  388
427  387
427  386
426  385
426  384
426  383
426  382
426  381
426  380
425  379
425  378
425  377
425  376
425  375
425  374
424  373
424  372
424  371
424  370
424  369
424  368
424  367
423  366
423  365
423  364
423  363
423  362
423  361
423  360
423  359
422  358
422  357
423  356
424  355
425  355
426  354
427  354
428  354
429  354
430  353
431  353
432  353
433  353
434  352
435  352
436  352
437  352
438  352
439  351
440  351
441  351
442  350
443  350
444  350
445  350
446  350
447  349
448  349
449  349
450  349
451  348
452  348
453  348
454  348
455  348
456  347
457  347
458  347
459  347
460  346
461  346
462  346
463  346
464  346
465  345
466  345
467  345
468  345
469  345
470  345
471  345
472  345
473  345
474  345
475  345
476  345
477  346
478  346
479  346
480  346
481  347
482  348
483  348
484  349
485  350
486  351
486  352
487  353
487  354
487  355
487  356
487  357
487  358
487  359
487  360
487  361
487  362
487  363
487  364
487  365
486  366
486  367
486  368
486  369
486  370
486  371
486  372
486  373
486  374
486  375
486  376
486  377
486  378
486  379
486  380
487  381
487  382
487  383
488  384
488  385
489  386
490  387
491  388
492  389
493  390
494  391
495  392
496  392
497  393
498  393
499  394
500  394
501  394
502  394
503  395
504  395
505  395
506  395
507  395
508  395
509  395
510  395
511  395
512  395
513  395
514  395
515  395
516  394
517  394
518  394
519  393
520  393
521  393
522  392
523  392
524  391
525  391
526  390
527  389
528  389
529  388
530  387
531  387
532  386
533  385
534  384
535  383
536  382
537  381
537  380
538  379
538  378
538  377
539  376
539  375
540  374
540  373
540  372
540  371
540  370
540  369
539  368
538  367
538  366
538  365
537  364
537  363
537  362
536  361
536  360
536  359
535  358
534  357
534  356
533  355
533  354
533  353
532  352
532  351
532  350
531  349
531  348
531  347
531  346
531  345
531  344
531  343
532  342
532  341
532  340
533  339
534  338
535  337
536  336
537  335
538  334
539  333
540  332
541  331
542  331
543  330
544  330
545  330
546  329
547  329
548  329
548  329
