551  651
552  651
553  651
554  652
555  653
556  654
557  655
558  656
559  657
560  658
561  659
562  660
563  661
564  662
564  663
565  664
566  665
567  666
568  667
569  668
570  669
571  670
572  671
573  672
573  673
574  674
575  675
576  676
577  677
578  678
578  679
579  680
580  681
581  682
582  683
582  684
583  685
584  686
585  687
586  688
586  689
587  690
588  691
589  692
590  693
590  694
591  695
592  696
593  697
593  698
594  699
595  700
596  701
596  702
597  703
598  704
598  705
599  706
600  707
600  708
601  709
602  710
602  711
602  712
603  713
603  714
604  715
604  716
605  717
605  718
606  719
606  720
607  721
607  722
607  723
608  724
608  725
608  726
609  727
609  728
609  729
610  730
610  731
610  732
610  733
611  734
611  735
611  736
611  737
611  738
611  739
611  740
611  741
611  742
611  743
611  744
610  745
610  746
609  747
609  748
609  749
608  750
607  751
606  752
605  753
604  754
603  755
602  755
601  755
600  755
599  756
598  756
597  756
596  756
595  756
594  756
593  756
592  756
591  756
590  756
589  756
588  756
587  756
586  756
585  756
584  756
583  757
582  757
581  757
580  757
579  757
578  757
577  757
576  757
575  757
574  758
573  758
572  758
571  759
570  760
569  761
568  762
567  763
566  764
565  765
564  766
564  767
564  768
564  769
564  770
563  771
563  772
563  773
563  774
563  775
563  776
563  777
563  778
563  779
563  780
563  781
563  782
564  783
564  784
564  785
565  786
565  787
565  788
566  789
566  790
567  791
568  792
568  793
569  794
569  795
570  796
570  797
571  798
572  799
572  800
573  801
574  802
575  803
576  804
576  805
577  806
578  807
579  808
580  809
581  810
582  811
583  812
584  813
585  813
586  813
587  813
588  813
589  813
590  813
591  813
592  813
593  813
594  812
595  811
596  810
597  810
598  809
599  808
600  807
601  806
602  805
603  804
604  803
605  802
606  802
607  801
608  801
609  800
610  800
611  799
612  799
613  798
614  798
615  798
616  798
617  797
618  797
619  797
620  798
621  798
622  799
623  799
624  800
625  801
626  801
627  802
628  802
629  803
630  804
631  805
632  806
633  807
634  808
635  809
636  810
636  811
637  812
638  813
638  814
639  815
639  816
640  817
640  818
641  819
641  820
642  821
643  822
643  823
644  824
644  825
644  826
644  827
645  828
645  829
646  830
646  831
646  832
646  833
647  834
647  835
647  836
647  837
647  838
647  839
647  840
647  841
648  842
648  843
648  844
648  845
648  846
648  847
648  848
648  849
648  850
648  851
648  852
648  853
648  854
648  855
648  856
648  857
647  858
647  859
647  860
647  861
647  862
647  863
647  864
647  865
646  866
646  867
646  868
646  869
646  870
645  871
645  872
645  873
645  874
644  875
644  876
643  877
643  878
643  879
642  880
642  881
641  882
641  883
641  884
640  885
640  886
639  887
638  888
638  889
638  890
637  891
636  892
636  893
635  894
635  895
634  896
633  897
633  898
632  899
631  900
630  901
629  902
629  903
628  904
627  905
626  906
625  907
624  908
623  909
622  910
621  911
620  911
619  912
618  913
617  914
616  914
615  915
614  916
613  917
612  917
611  918
610  919
609  919
608  920
607  920
606  921
605  921
604  922
603  922
602  922
601  923
600  923
599  923
598  923
597  924
596  924
595  924
594  924
593  924
592  924
591  924
590  924
589  924
588  924
587  924
586  924
585  924
584  923
583  923
582  923
581  922
580  921
579  920
578  919
577  918
576  917
575  916
574  915
574  914
573  913
573  912
573  911
573  910
573  909
572  908
572  907
572  906
572  905
573  904
573  903
573  902
573  901
573  900
573  899
573  898
573  897
574  896
574  895
574  894
574  893
574  892
573  891
573  890
572  889
572  888
571  887
570  886
569  885
568  884
567  883
566  883
565  882
564  881
563  881
562  881
561  881
560  881
559  880
558  880
557  880
556  880
555  880
554  879
553  879
552  879
551  879
550  879
549  880
548  880
547  880
546  880
545  880
544  880
543  881
542  881
541  881
540  881
539  881
538  882
537  882
536  883
535  883
534  884
533  884
532  885
531  885
530  886
529  887
528  888
527  889
526  890
525  891
524  892
524  893
523  894
522  895
522  896
521  897
521  898
521  899
521  900
521  901
521  902
521  903
521  904
521  905
521  906
522  907
522  908
523  909
523  910
524  911
525  912
526  913
527  914
528  915
528  916
529  917
530  918
531  919
531  920
532  921
532  922
532  923
532  924
532  925
532  926
531  927
531  928
531  929
530  930
530  931
529  932
528  933
528  934
527  935
526  936
525  937
524  937
523  938
522  938
521  938
520  939
519  939
518  940
517  940
516  940
515  940
514  940
513  940
512  940
511  940
510  940
509  940
508  940
507  940
506  940
505  939
504  939
503  939
502  939
501  939
500  939
499  939
498  938
497  938
496  938
495  938
494  938
493  938
492  937
491  937
490  937
489  937
488  937
487  936
486  936
485  936
484  936
483  935
482  935
481  935
480  935
479  935
478  935
477  934
476  934
475  934
474  933
473  933
472  933
471  933
470  932
469  932
468  932
467  931
466  931
465  931
464  930
463  930
462  930
461  930
460  929
459  929
458  929
457  928
456  928
455  927
454  926
453  925
452  924
452  923
452  922
452  921
452  920
452  919
453  918
453  917
453  916
453  915
453  914
453  913
453  912
453  911
453  910
454  909
454  908
454  907
454  906
454  905
454  904
454  903
454  902
454  901
454  900
454  899
455  898
455  897
455  896
455  895
455  894
455  893
455  892
456  891
456  890
456  889
456  888
456  887
456  886
456  885
456  884
456  883
456  882
456  881
455  880
455  879
455  878
455  877
455  876
454  875
454  874
454  873
453  872
453  871
452  870
452  869
451  868
450  867
449  866
448  866
447  865
446  865
445  865
444  865
443  865
442  865
441  865
440  865
439  865
438  865
437  865
436  866
435  866
434  866
433  867
432  867
431  868
430  868
429  869
428  869
427  870
426  870
425  871
424  871
423  872
422  872
421  872
420  872
419  872
418  872
417  873
416  873
415  872
414  872
413  872
412  872
411  872
410  872
409  871
408  870
407  870
406  869
405  868
404  867
403  866
402  865
401  864
400  863
399  862
398  861
398  860
397  859
396  858
396  857
395  856
395  855
394  854
394  853
394  852
394  851
393  850
393  849
393  848
393  847
393  846
393  845
392  844
392  843
392  842
392  841
392  840
392  839
391  838
391  837
391  836
391  835
392  834
392  833
392  832
392  831
392  830
393  829
393  828
393  827
394  826
394  825
395  824
396  823
397  822
397  821
398  820
399  819
400  818
401  817
402  816
403  816
404  816
405  815
406  815
407  815
408  815
409  815
410  815
411  814
412  814
413  814
414  814
415  814
416  814
417  814
418  814
419  814
420  814
421  814
422  814
423  814
424  814
425  814
426  814
427  814
428  813
429  813
430  812
431  811
432  810
433  809
434  808
435  807
435  806
435  805
436  804
436  803
436  802
436  801
436  800
436  799
436  798
436  797
436  796
436  795
436  794
435  793
435  792
435  791
434  790
434  789
434  788
433  787
433  786
432  785
432  784
432  783
431  782
430  781
430  780
429  779
429  778
428  777
428  776
427  775
427  774
426  773
425  772
425  771
424  770
423  769
423  768
422  767
421  766
420  765
419  764
418  763
418  762
417  761
416  760
415  759
414  758
413  757
413  756
412  755
411  754
410  753
409  752
408  751
408  750
407  749
407  748
407  747
407  746
407  745
408  744
409  743
410  742
410  741
411  740
412  739
413  738
413  737
414  736
415  735
415  734
416  733
417  732
418  731
418  730
419  729
420  728
421  727
422  726
422  725
423  724
424  723
425  722
426  721
427  720
427  719
428  718
429  717
430  716
431  715
432  714
433  713
433  712
434  711
435  710
436  709
437  708
438  707
439  706
440  705
441  704
442  703
443  702
444  702
445  701
446  701
447  700
448  700
449  700
450  700
451  700
452  700
453  700
454  700
455  700
456  700
457  701
458  701
459  702
460  703
461  704
462  705
463  706
464  707
464  708
464  709
465  710
465  711
465  712
465  713
465  714
465  715
465  716
465  717
465  718
465  719
465  720
466  721
466  722
466  723
466  724
466  725
466  726
466  727
466  728
466  729
466  730
466  731
467  732
467  733
468  734
469  735
470  736
471  737
472  738
473  739
474  740
475  740
476  741
477  741
478  742
479  742
480  742
481  742
482  743
483  743
484  743
485  743
486  743
487  743
488  743
489  743
490  742
491  742
492  742
493  742
494  742
495  742
496  741
497  741
498  741
499  741
500  740
501  740
502  739
503  739
504  738
505  738
506  737
507  736
508  736
509  735
510  734
511  733
512  732
513  731
514  730
515  729
516  728
516  727
517  726
517  725
517  724
517  723
517  722
517  721
516  720
516  719
516  718
516  717
515  716
515  715
515  714
514  713
514  712
513  711
513  710
512  709
512  708
511  707
510  706
509  705
509  704
508  703
507  702
507  701
506  700
506  699
505  698
505  697
505  696
505  695
505  694
505  693
505  692
505  691
505  690
505  689
505  688
506  687
506  686
507  685
508  684
509  683
510  682
511  681
512  680
513  679
514  678
515  677
516  676
517  675
518  674
519  674
520  673
521  672
522  671
523  671
524  670
525  669
526  668
527  668
528  667
529  666
530  666
531  665
532  664
533  663
534  663
535  662
536  662
537  661
538  660
539  660
540  659
541  658
542  658
543  657
544  656
545  655
546  655
547  654
548  654
549  653
550  652
550  652
