186  1411
187  1411
188  1411
189  1411
190  1411
191  1411
192  1411
193  1411
194  1411
195  1411
196  1411
197  1411
198  1412
199  1412
200  1412
201  1412
202  1413
203  1413
204  1413
205  1413
206  1414
207  1414
208  1414
209  1415
210  1415
211  1416
212  1416
213  1417
214  1417
215  1418
216  1419
217  1419
218  1420
219  1421
220  1422
221  1422
222  1423
223  1424
224  1425
225  1426
226  1427
226  1428
227  1429
227  1430
228  1431
228  1432
228  1433
229  1434
229  1435
229  1436
229  1437
229  1438
229  1439
229  1440
229  1441
229  1442
229  1443
228  1444
228  1445
228  1446
227  1447
227  1448
227  1449
226  1450
226  1451
225  1452
225  1453
224  1454
224  1455
224  1456
224  1457
223  1458
222  1459
222  1460
222  1461
221  1462
221  1463
221  1464
221  1465
221  1466
222  1467
222  1468
222  1469
222  1470
222  1471
223  1472
224  1473
225  1474
226  1475
227  1476
228  1476
229  1477
230  1477
231  1477
232  1477
233  1477
234  1477
235  1477
236  1477
237  1477
238  1477
239  1477
240  1476
241  1476
242  1476
243  1476
244  1475
245  1475
246  1474
247  1474
248  1474
249  1473
250  1473
251  1473
252  1472
253  1472
254  1471
255  1471
256  1471
257  1470
258  1470
259  1469
260  1469
261  1469
262  1468
263  1468
264  1467
265  1467
266  1467
267  1466
268  1466
269  1465
270  1465
271  1464
272  1464
273  1463
274  1463
275  1462
276  1462
277  1461
278  1461
279  1460
280  1460
281  1459
282  1459
283  1458
284  1458
285  1457
286  1457
287  1456
288  1456
289  1455
290  1454
291  1454
292  1453
293  1453
294  1452
295  1452
296  1452
297  1453
298  1454
299  1455
300  1456
300  1457
301  1458
301  1459
302  1460
303  1461
303  1462
304  1463
305  1464
305  1465
306  1466
306  1467
307  1468
308  1469
309  1470
309  1471
310  1472
311  1473
312  1474
313  1475
314  1476
315  1477
316  1478
317  1479
318  1480
319  1481
320  1482
320  1483
321  1484
321  1485
321  1486
321  1487
320  1488
319  1489
318  1490
317  1490
316  1491
315  1492
314  1492
313  1493
312  1493
311  1494
310  1495
309  1496
308  1496
307  1497
306  1498
305  1498
304  1499
303  1500
302  1500
301  1501
300  1502
299  1503
298  1504
297  1505
296  1505
295  1506
294  1507
293  1508
292  1509
291  1510
290  1511
289  1512
288  1513
287  1514
286  1515
285  1516
285  1517
284  1518
283  1519
283  1520
283  1521
282  1522
282  1523
281  1524
280  1525
280  1526
279  1527
279  1528
279  1529
279  1530
279  1531
279  1532
279  1533
279  1534
279  1535
279  1536
280  1537
281  1538
282  1539
283  1540
284  1541
285  1542
286  1542
287  1543
288  1543
289  1543
290  1543
291  1544
292  1544
293  1544
294  1544
295  1544
296  1545
297  1545
298  1545
299  1545
300  1545
301  1546
302  1546
303  1546
304  1546
305  1547
306  1547
307  1548
308  1549
309  1550
310  1551
311  1552
312  1553
312  1554
313  1555
313  1556
314  1557
314  1558
314  1559
314  1560
314  1561
314  1562
314  1563
314  1564
314  1565
314  1566
314  1567
314  1568
314  1569
314  1570
314  1571
314  1572
314  1573
314  1574
314  1575
314  1576
313  1577
313  1578
313  1579
313  1580
312  1581
312  1582
312  1583
311  1584
311  1585
310  1586
310  1587
310  1588
309  1589
308  1590
308  1591
307  1592
306  1593
305  1594
304  1595
303  1596
302  1597
301  1598
300  1599
299  1599
298  1600
297  1600
296  1601
295  1601
294  1601
293  1601
292  1601
291  1601
290  1601
289  1601
288  1600
287  1600
286  1600
285  1599
284  1598
283  1598
282  1597
281  1597
280  1596
279  1595
278  1595
277  1594
276  1594
275  1594
274  1593
273  1593
272  1592
271  1592
270  1592
269  1592
268  1592
267  1592
266  1592
265  1592
264  1592
263  1592
262  1592
261  1592
260  1593
259  1594
258  1595
257  1596
256  1597
256  1598
255  1599
255  1600
254  1601
254  1602
254  1603
254  1604
254  1605
254  1606
253  1607
253  1608
253  1609
253  1610
253  1611
253  1612
253  1613
253  1614
252  1615
252  1616
252  1617
252  1618
252  1619
252  1620
252  1621
251  1622
251  1623
251  1624
251  1625
251  1626
251  1627
251  1628
250  1629
250  1630
250  1631
250  1632
250  1633
249  1634
249  1635
249  1636
249  1637
249  1638
249  1639
249  1640
249  1641
248  1642
248  1643
247  1644
246  1645
246  1646
245  1647
244  1648
243  1648
242  1649
241  1649
240  1649
239  1649
238  1649
237  1649
236  1649
235  1648
234  1648
233  1648
232  1648
231  1648
230  1648
229  1647
228  1647
227  1647
226  1646
225  1646
224  1646
223  1646
222  1646
221  1646
220  1645
219  1645
218  1645
217  1645
216  1645
215  1644
214  1644
213  1644
212  1644
211  1644
210  1643
209  1643
208  1643
207  1643
206  1643
205  1643
204  1642
203  1642
202  1642
201  1642
200  1642
199  1642
198  1641
197  1641
196  1641
195  1641
194  1640
193  1640
192  1640
191  1640
190  1639
189  1639
188  1639
187  1639
186  1639
185  1639
184  1638
183  1638
182  1638
181  1638
180  1637
179  1637
178  1637
177  1637
176  1637
175  1637
174  1636
173  1636
172  1636
171  1636
170  1635
169  1635
168  1635
167  1635
166  1635
165  1634
164  1634
163  1634
162  1634
161  1633
160  1633
159  1633
158  1633
157  1633
156  1632
155  1632
154  1632
153  1632
152  1632
151  1631
150  1631
149  1631
148  1631
147  1631
146  1630
145  1630
144  1630
143  1630
142  1630
141  1630
140  1629
139  1629
138  1629
137  1628
136  1628
135  1628
134  1628
133  1628
132  1628
131  1628
130  1627
129  1627
128  1627
127  1627
126  1626
125  1626
124  1626
123  1626
122  1626
121  1626
120  1625
119  1625
118  1625
117  1625
116  1625
115  1624
114  1624
113  1624
112  1624
111  1623
110  1623
109  1623
108  1623
107  1623
106  1622
105  1622
104  1622
103  1622
102  1622
101  1621
100  1621
99  1621
98  1621
97  1621
96  1620
95  1620
94  1620
93  1620
92  1619
91  1619
90  1619
89  1619
88  1619
87  1619
86  1618
85  1618
84  1618
83  1618
82  1618
81  1617
80  1617
79  1617
78  1617
77  1616
76  1616
75  1616
74  1616
73  1616
72  1615
71  1615
70  1615
69  1615
68  1615
67  1614
66  1614
65  1614
64  1614
63  1613
62  1613
61  1613
60  1613
59  1612
58  1612
57  1612
56  1611
55  1610
54  1609
54  1608
54  1607
54  1606
54  1605
54  1604
54  1603
54  1602
54  1601
54  1600
54  1599
54  1598
54  1597
54  1596
54  1595
54  1594
54  1593
54  1592
54  1591
54  1590
54  1589
54  1588
54  1587
55  1586
55  1585
55  1584
55  1583
56  1582
56  1581
56  1580
56  1579
56  1578
56  1577
57  1576
57  1575
57  1574
57  1573
58  1572
58  1571
58  1570
58  1569
59  1568
59  1567
59  1566
59  1565
60  1564
60  1563
60  1562
60  1561
61  1560
61  1559
61  1558
61  1557
62  1556
62  1555
63  1554
63  1553
63  1552
64  1551
65  1550
66  1549
67  1548
68  1548
69  1548
70  1547
71  1547
72  1547
73  1547
74  1547
75  1548
76  1548
77  1548
78  1548
79  1548
80  1549
81  1550
82  1550
83  1551
84  1551
85  1552
86  1553
87  1553
88  1554
89  1554
90  1555
91  1555
92  1556
93  1556
94  1556
95  1556
96  1556
97  1556
98  1556
99  1556
100  1556
101  1556
102  1556
103  1556
104  1555
105  1555
106  1554
107  1553
108  1552
109  1551
110  1550
111  1549
112  1548
113  1547
113  1546
114  1545
114  1544
114  1543
115  1542
115  1541
115  1540
116  1539
116  1538
116  1537
117  1536
117  1535
117  1534
117  1533
117  1532
117  1531
117  1530
117  1529
117  1528
117  1527
118  1526
118  1525
118  1524
118  1523
118  1522
118  1521
117  1520
117  1519
117  1518
117  1517
117  1516
116  1515
115  1514
115  1513
114  1512
113  1511
112  1510
111  1509
110  1509
109  1508
108  1508
107  1507
106  1507
105  1507
104  1506
103  1506
102  1506
101  1506
100  1506
99  1506
98  1506
97  1506
96  1506
95  1506
94  1506
93  1506
92  1506
91  1506
90  1506
89  1506
88  1506
87  1506
86  1506
85  1506
84  1505
83  1505
82  1505
81  1505
80  1505
79  1504
78  1503
77  1502
76  1501
75  1500
74  1499
73  1498
73  1497
73  1496
72  1495
72  1494
72  1493
72  1492
71  1491
71  1490
71  1489
71  1488
71  1487
71  1486
71  1485
71  1484
71  1483
72  1482
72  1481
72  1480
72  1479
73  1478
73  1477
73  1476
74  1475
74  1474
75  1473
75  1472
75  1471
76  1470
76  1469
76  1468
77  1467
77  1466
78  1465
78  1464
79  1463
79  1462
80  1461
80  1460
81  1459
81  1458
82  1457
82  1456
82  1455
83  1454
84  1453
84  1452
84  1451
85  1450
85  1449
86  1448
86  1447
87  1446
87  1445
88  1444
88  1443
89  1442
89  1441
90  1440
90  1439
91  1438
91  1437
92  1436
93  1436
94  1437
95  1438
96  1438
97  1439
98  1439
99  1440
100  1441
101  1441
102  1442
103  1442
104  1443
105  1443
106  1444
107  1444
108  1445
109  1445
110  1446
111  1446
112  1447
113  1447
114  1448
115  1448
116  1449
117  1449
118  1450
119  1450
120  1450
121  1451
122  1451
123  1452
124  1452
125  1453
126  1453
127  1453
128  1454
129  1454
130  1455
131  1455
132  1455
133  1455
134  1455
135  1456
136  1456
137  1456
138  1456
139  1457
140  1457
141  1457
142  1457
143  1457
144  1457
145  1457
146  1457
147  1457
148  1457
149  1457
150  1457
151  1457
152  1457
153  1456
154  1456
155  1456
156  1456
157  1455
158  1455
159  1454
160  1453
161  1452
162  1451
163  1450
164  1449
164  1448
164  1447
164  1446
164  1445
164  1444
164  1443
164  1442
164  1441
164  1440
164  1439
164  1438
164  1437
164  1436
164  1435
164  1434
164  1433
164  1432
164  1431
165  1430
165  1429
165  1428
165  1427
165  1426
166  1425
166  1424
166  1423
167  1422
168  1421
169  1420
170  1419
171  1418
171  1417
172  1416
173  1415
174  1415
175  1414
176  1414
177  1413
178  1413
179  1413
180  1413
181  1412
182  1412
183  1412
184  1412
185  1412
185  1412
