835 1329
836 1329
837 1328
838 1328
839 1328
840 1327
841 1327
842 1326
843 1326
843 1326
844 1325
845 1325
846 1325
847 1325
848 1325
849 1325
850 1325
851 1325
852 1325
853 1325
854 1325
855 1325
856 1326
857 1327
858 1328
859 1329
860 1330
860 1331
861 1332
862 1333
862 1334
863 1335
863 1336
864 1337
865 1338
866 1339
866 1340
867 1341
868 1342
868 1343
869 1344
870 1345
870 1346
870 1347
871 1348
871 1349
872 1350
872 1351
873 1352
873 1353
874 1354
875 1355
876 1356
877 1357
878 1358
879 1359
880 1360
880 1361
881 1362
882 1363
883 1364
884 1365
885 1366
885 1367
886 1368
887 1369
888 1370
888 1371
889 1372
890 1373
890 1374
891 1375
892 1376
893 1377
894 1378
895 1379
896 1380
897 1381
898 1382
899 1383
900 1384
901 1385
902 1386
903 1387
904 1388
905 1389
906 1390
907 1391
908 1392
909 1393
910 1394
911 1395
912 1396
913 1396
914 1397
915 1398
916 1399
917 1400
918 1401
919 1402
920 1403
921 1404
922 1405
923 1406
924 1407
925 1408
926 1409
927 1410
928 1410
929 1411
930 1412
931 1413
932 1414
933 1415
934 1416
935 1417
936 1418
937 1418
938 1419
939 1419
940 1420
941 1421
942 1422
943 1423
944 1424
945 1425
946 1426
947 1427
948 1428
949 1429
950 1429
951 1430
952 1431
953 1432
954 1433
955 1433
956 1434
957 1435
958 1436
959 1437
960 1438
961 1438
962 1439
963 1440
964 1440
965 1441
966 1441
967 1442
968 1442
969 1442
970 1443
971 1443
972 1443
973 1444
974 1445
975 1446
976 1447
977 1447
978 1447
979 1448
980 1449
981 1449
982 1449
983 1450
984 1450
985 1451
986 1451
987 1452
988 1452
989 1452
990 1453
991 1453
992 1454
993 1454
994 1455
995 1455
996 1456
997 1456
998 1457
999 1457
1000 1458
1001 1458
1002 1459
1003 1459
1004 1460
1005 1460
1006 1461
1007 1461
1008 1462
1009 1462
1010 1463
1011 1463
1012 1463
1013 1464
1014 1464
1015 1465
1016 1465
1017 1465
1018 1465
1019 1466
1020 1467
1021 1467
1022 1467
1023 1468
1024 1468
1025 1468
1026 1469
1027 1469
1028 1469
1029 1470
1030 1470
1031 1470
1032 1471
1033 1471
1034 1471
1035 1472
1036 1472
1037 1472
1038 1473
1039 1473
1040 1473
1041 1474
1042 1474
1043 1475
1044 1475
1045 1475
1046 1476
1047 1476
1048 1477
1049 1477
1050 1477
1051 1478
1052 1478
1053 1479
1054 1479
1055 1480
1056 1480
1057 1480
1058 1481
1059 1481
1060 1481
1061 1482
1062 1482
1063 1482
1064 1483
1065 1483
1066 1483
1067 1483
1068 1484
1069 1484
1070 1484
1071 1484
1072 1484
1073 1484
1074 1485
1075 1485
1076 1485
1077 1486
1078 1486
1079 1486
1080 1486
1081 1487
1082 1487
1083 1487
1084 1488
1085 1488
1086 1488
1087 1488
1088 1488
1089 1489
1090 1489
1091 1489
1092 1489
1093 1490
1094 1490
1095 1490
1096 1491
1097 1491
1098 1491
1099 1491
1100 1491
1101 1492
1102 1492
1103 1492
1104 1492
1105 1493
1106 1493
1107 1493
1108 1493
1109 1493
1110 1494
1111 1494
1112 1494
1113 1494
1114 1495
1115 1495
1116 1495
1117 1495
1118 1495
1119 1495
1120 1496
1121 1496
1122 1496
1123 1496
1124 1496
1125 1497
1126 1497
1127 1497
1128 1497
1129 1498
1130 1498
1131 1498
1132 1498
1133 1498
1134 1498
1135 1498
1136 1499
1137 1499
1138 1499
1139 1499
1140 1499
1141 1499
1142 1500
1143 1500
1144 1500
1145 1500
1146 1500
1147 1500
1148 1501
1149 1501
1150 1501
1151 1501
1152 1501
1153 1501
1154 1501
1155 1502
1156 1502
1157 1502
1158 1502
1159 1502
1160 1503
1161 1503
1162 1503
1163 1503
1164 1503
1165 1503
1166 1503
1167 1504
1168 1504
1169 1504
1170 1504
1171 1504
1172 1504
1173 1504
1174 1504
1175 1504
1176 1504
1177 1505
1178 1505
1179 1505
1180 1505
1181 1505
1182 1505
1183 1505
1184 1505
1185 1505
1186 1505
1187 1505
1188 1505
1189 1505
1190 1506
1191 1506
1192 1506
1193 1506
1194 1506
1195 1506
1196 1506
1197 1506
1198 1506
1199 1506
1200 1507
1201 1507
1202 1507
1203 1507
1204 1507
1205 1507
1206 1507
1207 1507
1208 1507
1209 1507
1210 1507
1211 1507
1212 1507
1213 1508
1214 1508
1215 1508
1216 1508
1217 1508
1218 1508
1219 1508
1220 1508
1221 1508
1222 1508
1223 1509
1224 1509
1225 1509
1226 1509
1227 1509
1228 1509
1229 1509
1230 1509
1231 1509
1232 1509
1233 1509
1234 1509
1235 1509
1236 1509
1237 1509
1238 1509
1239 1509
1240 1508
1241 1508
1242 1508
1243 1508
1244 1508
1245 1508
1246 1508
1247 1508
1248 1508
1249 1508
1250 1508
1251 1508
1252 1508
1253 1508
1254 1508
1255 1508
1256 1508
1257 1508
1258 1508
1259 1508
1260 1508
1261 1508
1262 1508
1263 1508
1264 1508
1265 1508
1266 1508
1267 1508
1268 1508
1269 1508
1270 1508
1271 1508
1272 1508
1273 1508
1274 1508
1275 1508
1276 1508
1277 1508
1278 1508
1279 1507
1280 1507
1281 1507
1282 1507
1283 1507
1284 1507
1285 1507
1286 1507
1287 1507
1288 1507
1289 1507
1290 1507
1291 1507
1292 1507
1293 1507
1294 1507
1295 1507
1296 1507
1297 1507
1298 1507
1299 1507
1300 1507
1301 1507
1302 1507
1303 1507
1304 1507
1305 1507
1306 1507
1307 1506
1308 1506
1309 1506
1310 1506
1311 1506
1312 1506
1313 1506
1314 1506
1315 1506
1316 1506
1317 1506
1318 1506
1319 1506
1320 1506
1321 1506
1322 1506
1323 1506
1324 1506
1325 1506
1326 1506
1327 1506
1328 1506
1329 1506
1330 1506
1331 1506
1332 1506
1333 1506
1334 1506
1335 1506
1336 1506
1337 1506
1338 1505
1339 1505
1340 1505
1341 1505
1342 1505
1343 1505
1344 1505
1345 1505
1346 1505
1347 1505
1348 1505
1349 1504
1350 1504
1351 1504
1352 1504
1353 1504
1354 1504
1355 1503
1356 1503
1357 1503
1358 1503
1359 1503
1360 1503
1361 1503
1362 1503
1363 1502
1364 1502
1365 1502
1366 1502
1367 1502
1368 1502
1369 1501
1370 1501
1371 1501
1372 1501
1373 1501
1374 1501
1375 1501
1376 1500
1377 1500
1378 1500
1379 1500
1380 1500
1381 1500
1382 1499
1383 1499
1384 1499
1385 1499
1386 1499
1387 1499
1388 1498
1389 1498
1390 1498
1391 1498
1392 1498
1393 1497
1394 1497
1395 1497
1396 1497
1397 1497
1398 1497
1399 1496
1400 1496
1401 1496
1402 1495
1403 1495
1404 1495
1405 1495
1406 1495
1407 1494
1408 1494
1409 1494
1410 1494
1411 1494
1412 1494
1413 1493
1414 1493
1415 1493
1416 1493
1417 1493
1418 1492
1419 1492
1420 1492
1421 1492
1422 1492
1423 1491
1424 1491
1425 1491
1426 1491
1427 1491
1428 1490
1429 1490
1430 1490
1431 1490
1432 1490
1433 1489
1434 1489
1435 1489
1436 1488
1437 1488
1438 1488
1439 1488
1440 1488
1441 1487
1442 1487
1443 1487
1444 1486
1445 1486
1446 1486
1447 1485
1448 1485
1449 1485
1450 1485
1451 1484
1452 1484
1453 1484
1454 1483
1455 1483
1456 1483
1457 1483
1458 1482
1459 1482
1460 1482
1461 1481
1462 1481
1463 1481
1464 1480
1465 1480
1466 1480
1467 1480
1468 1480
1469 1479
1470 1479
1471 1479
1472 1479
1473 1478
1474 1478
1475 1478
1476 1477
1477 1477
1478 1477
1479 1476
1480 1476
1481 1476
1482 1476
1483 1475
1484 1475
1485 1475
1486 1474
1487 1474
1488 1474
1489 1473
1490 1473
1491 1472
1492 1472
1493 1472
1494 1471
1495 1471
1496 1471
1497 1470
1498 1470
1499 1470
1500 1469
1501 1469
1502 1468
1503 1468
1504 1467
1505 1467
1506 1467
1507 1466
1508 1466
1509 1466
1510 1466
1511 1465
1512 1465
1513 1464
1514 1464
1515 1464
1516 1463
1517 1463
1518 1463
1519 1462
1520 1462
1521 1462
1522 1461
1523 1460
1524 1460
1525 1460
1526 1459
1527 1459
1528 1459
1529 1458
1530 1457
1531 1457
1532 1457
1533 1456
1534 1456
1535 1455
1536 1455
1537 1454
1538 1453
1539 1453
1540 1453
1541 1453
1542 1452
1543 1452
1544 1451
1545 1451
1546 1451
1547 1450
1548 1450
1549 1449
1550 1449
1551 1449
1552 1448
1553 1448
1554 1447
1555 1447
1556 1446
1557 1446
1558 1446
1559 1445
1560 1444
1561 1444
1562 1444
1563 1443
1564 1443
1565 1442
1566 1442
1567 1441
1568 1441
1569 1440
1570 1440
1571 1439
1572 1439
1573 1439
1574 1438
1575 1438
1576 1437
1577 1437
1578 1436
1579 1436
1580 1435
1581 1435
1582 1434
1583 1434
1584 1433
1585 1433
1586 1432
1587 1432
1588 1431
1589 1431
1590 1430
1591 1430
1592 1429
1593 1429
1594 1428
1595 1428
1596 1427
1597 1427
1598 1426
1599 1425
1600 1425
1601 1425
1602 1424
1603 1424
1604 1423
1605 1423
1606 1422
1607 1421
1608 1420
1609 1420
1610 1420
1611 1419
1612 1419
1613 1418
1614 1418
1615 1417
1616 1416
1617 1416
1618 1415
1619 1415
1620 1415
1621 1414
1622 1414
1623 1414
1624 1414
1625 1414
1626 1414
1627 1414
1628 1414
1629 1414
1630 1414
1631 1414
1632 1414
1633 1415
1634 1416
1634 1417
1634 1418
1634 1419
1634 1420
1634 1421
1634 1422
1635 1423
1635 1424
1635 1425
1635 1426
1635 1427
1635 1428
1635 1429
1635 1430
1636 1431
1636 1432
1636 1433
1636 1434
1636 1435
1636 1436
1636 1437
1636 1438
1637 1439
1637 1440
1637 1441
1637 1442
1637 1443
1637 1444
1637 1445
1638 1446
1638 1447
1638 1448
1638 1449
1638 1450
1638 1451
1638 1452
1639 1453
1639 1454
1639 1455
1639 1456
1639 1457
1639 1458
1640 1459
1640 1460
1640 1461
1640 1462
1640 1463
1640 1464
1641 1465
1641 1466
1641 1467
1641 1468
1641 1469
1641 1470
1641 1471
1641 1472
1641 1473
1641 1474
1641 1475
1641 1476
1642 1477
1642 1478
1642 1479
1642 1480
1642 1481
1642 1482
1642 1483
1643 1484
1643 1485
1643 1486
1643 1487
1643 1488
1643 1489
1643 1490
1643 1491
1643 1492
1643 1493
1643 1494
1643 1495
1644 1496
1644 1497
1644 1498
1644 1499
1644 1500
1644 1501
1644 1502
1644 1503
1644 1504
1644 1505
1644 1506
1645 1507
1645 1508
1645 1509
1645 1510
1645 1511
1645 1512
1645 1513
1645 1514
1645 1515
1645 1516
1645 1517
1645 1518
1645 1519
1645 1520
1646 1521
1646 1522
1646 1523
1646 1524
1646 1525
1646 1526
1646 1527
1646 1528
1646 1529
1646 1530
1646 1531
1646 1532
1647 1533
1647 1534
1647 1535
1647 1536
1647 1537
1647 1538
1647 1539
1647 1540
1647 1541
1647 1542
1647 1543
1647 1544
1647 1545
1647 1546
1647 1547
1647 1548
1647 1549
1647 1550
1647 1551
1647 1552
1647 1553
1647 1554
1647 1555
1647 1556
1647 1557
1648 1558
1648 1559
1648 1560
1648 1561
1648 1562
1648 1563
1648 1564
1648 1565
1648 1566
1648 1567
1648 1568
1648 1569
1648 1570
1648 1571
1648 1572
1648 1573
1648 1574
1648 1575
1648 1576
1648 1577
1648 1578
1648 1579
1648 1580
1648 1581
1648 1582
1648 1583
1648 1584
1648 1585
1648 1586
1648 1587
1648 1588
1648 1589
1649 1590
1649 1591
1649 1592
1649 1593
1649 1594
1649 1595
1649 1596
1649 1597
1649 1598
1649 1599
1649 1600
1649 1601
1649 1602
1649 1603
1649 1604
1649 1605
1649 1606
1649 1607
1649 1608
1649 1609
1649 1610
1649 1611
1649 1612
1649 1613
1649 1614
1649 1615
1649 1616
1649 1617
1649 1618
1649 1619
1649 1620
1649 1621
1649 1622
1649 1623
1649 1624
1649 1625
1649 1626
1649 1627
1649 1628
1649 1629
1649 1630
1649 1631
1649 1632
1649 1633
1649 1634
1649 1635
1649 1636
1649 1637
1649 1638
1649 1639
1649 1640
1649 1641
1649 1642
1649 1643
1649 1644
1649 1645
1649 1646
1649 1647
1649 1648
1649 1649
1649 1650
1649 1651
1649 1652
1649 1653
1649 1654
1649 1655
1649 1656
1649 1657
1649 1658
1649 1659
1649 1660
1649 1661
1649 1662
1649 1663
1649 1664
1649 1665
1649 1666
1649 1667
1649 1668
1649 1669
1649 1670
1649 1671
1649 1672
1649 1673
1648 1674
1648 1675
1648 1676
1648 1677
1648 1678
1648 1679
1648 1680
1648 1681
1648 1682
1648 1683
1648 1684
1648 1685
1648 1686
1648 1687
1648 1688
1648 1689
1648 1690
1648 1691
1648 1692
1648 1693
1648 1694
1648 1695
1648 1696
1648 1697
1648 1698
1648 1699
1648 1700
1647 1701
1647 1702
1646 1703
1645 1703
1644 1704
1643 1704
1642 1704
1641 1704
1640 1704
1639 1704
1638 1705
1637 1706
1636 1707
1635 1707
1634 1707
1633 1707
1632 1707
1631 1708
1630 1708
1629 1708
1628 1708
1627 1708
1626 1708
1625 1708
1624 1708
1623 1708
1622 1708
1621 1708
1620 1709
1619 1710
1618 1710
1617 1711
1616 1712
1615 1712
1614 1713
1613 1714
1612 1714
1611 1714
1610 1714
1609 1714
1608 1714
1607 1714
1606 1714
1605 1714
1604 1714
1603 1714
1602 1714
1601 1714
1600 1714
1599 1714
1598 1714
1597 1714
1596 1714
1595 1714
1594 1714
1593 1714
1592 1714
1591 1714
1590 1714
1589 1714
1588 1714
1587 1715
1586 1715
1585 1715
1584 1715
1583 1715
1582 1715
1581 1715
1580 1715
1579 1715
1578 1715
1577 1715
1576 1715
1575 1715
1574 1715
1573 1715
1572 1715
1571 1715
1570 1715
1569 1715
1568 1715
1567 1715
1566 1714
1565 1714
1564 1714
1563 1714
1562 1714
1561 1714
1560 1714
1559 1714
1558 1714
1557 1714
1556 1714
1555 1715
1554 1715
1553 1715
1552 1715
1551 1715
1550 1715
1549 1715
1548 1715
1547 1715
1546 1715
1545 1715
1544 1715
1543 1715
1542 1715
1541 1715
1540 1716
1539 1716
1538 1716
1537 1716
1536 1716
1535 1716
1534 1716
1533 1716
1532 1716
1531 1716
1530 1716
1529 1716
1528 1716
1527 1716
1526 1716
1525 1716
1524 1717
1523 1717
1522 1717
1521 1717
1520 1717
1519 1717
1518 1717
1517 1718
1516 1718
1515 1718
1514 1718
1513 1718
1512 1718
1511 1718
1510 1718
1509 1718
1508 1718
1507 1718
1506 1718
1505 1718
1504 1719
1503 1719
1502 1719
1501 1719
1500 1719
1499 1719
1498 1719
1497 1719
1496 1719
1495 1719
1494 1719
1493 1719
1492 1719
1491 1719
1490 1720
1489 1720
1488 1720
1487 1720
1486 1720
1485 1720
1484 1720
1483 1720
1482 1720
1481 1720
1480 1720
1479 1720
1478 1721
1477 1721
1476 1721
1475 1721
1474 1721
1473 1722
1472 1722
1471 1722
1470 1722
1469 1722
1468 1722
1467 1722
1466 1722
1465 1722
1464 1723
1463 1723
1462 1724
1461 1724
1460 1724
1459 1724
1458 1724
1457 1724
1456 1724
1455 1724
1454 1725
1453 1725
1452 1725
1451 1725
1450 1725
1449 1725
1448 1726
1447 1726
1446 1726
1445 1726
1444 1726
1443 1726
1442 1727
1441 1727
1440 1727
1439 1727
1438 1727
1437 1727
1436 1728
1435 1728
1434 1728
1433 1729
1432 1729
1431 1729
1430 1730
1429 1730
1428 1730
1427 1730
1426 1731
1425 1731
1424 1731
1423 1731
1422 1732
1421 1732
1420 1732
1419 1733
1418 1733
1417 1733
1416 1733
1415 1733
1414 1734
1413 1734
1412 1735
1411 1735
1410 1735
1409 1735
1408 1736
1407 1736
1406 1736
1405 1737
1404 1737
1403 1737
1402 1737
1401 1738
1400 1738
1399 1739
1398 1739
1397 1739
1396 1739
1395 1740
1394 1740
1393 1741
1392 1741
1391 1741
1390 1741
1389 1742
1388 1742
1387 1743
1386 1743
1385 1743
1384 1744
1383 1745
1382 1745
1381 1745
1380 1745
1379 1745
1378 1745
1377 1746
1376 1746
1375 1747
1374 1747
1373 1748
1372 1748
1371 1748
1370 1748
1369 1748
1368 1749
1367 1750
1366 1750
1365 1750
1364 1751
1363 1751
1362 1752
1361 1752
1360 1752
1359 1753
1358 1753
1357 1754
1356 1754
1355 1754
1354 1755
1353 1755
1352 1756
1351 1756
1350 1757
1349 1757
1348 1757
1347 1758
1346 1758
1345 1759
1344 1759
1343 1760
1342 1760
1341 1760
1340 1761
1339 1761
1338 1762
1337 1762
1336 1762
1335 1763
1334 1763
1333 1763
1332 1764
1331 1764
1330 1765
1329 1766
1328 1766
1327 1766
1326 1767
1325 1767
1324 1768
1323 1769
1322 1769
1321 1769
1320 1770
1319 1770
1318 1771
1317 1771
1316 1771
1315 1772
1314 1772
1313 1773
1312 1774
1311 1774
1310 1775
1309 1775
1308 1776
1307 1776
1306 1776
1305 1776
1304 1777
1303 1778
1302 1778
1301 1779
1300 1780
1299 1780
1298 1781
1297 1781
1296 1782
1295 1782
1294 1782
1293 1783
1292 1783
1291 1784
1290 1784
1289 1785
1288 1786
1287 1786
1286 1786
1285 1787
1284 1787
1283 1788
1282 1789
1281 1790
1280 1790
1279 1790
1278 1791
1277 1792
1276 1792
1275 1792
1274 1793
1273 1794
1272 1794
1271 1795
1270 1795
1269 1796
1268 1797
1267 1797
1266 1798
1265 1798
1264 1799
1263 1799
1262 1800
1261 1800
1260 1801
1259 1802
1258 1802
1257 1803
1256 1803
1255 1804
1254 1805
1253 1805
1252 1806
1251 1807
1250 1807
1249 1808
1248 1809
1247 1809
1246 1810
1245 1810
1244 1811
1243 1812
1242 1812
1241 1813
1240 1813
1239 1814
1238 1815
1237 1815
1236 1816
1235 1817
1234 1818
1233 1818
1232 1818
1231 1819
1230 1820
1229 1821
1228 1821
1227 1821
1226 1822
1225 1823
1224 1824
1223 1824
1222 1825
1221 1826
1220 1826
1219 1827
1218 1828
1217 1828
1216 1829
1215 1830
1214 1830
1213 1831
1212 1832
1211 1833
1210 1834
1209 1835
1208 1836
1207 1836
1206 1836
1205 1837
1204 1838
1203 1838
1202 1839
1201 1839
1200 1840
1199 1841
1198 1842
1197 1842
1196 1843
1195 1844
1194 1845
1193 1845
1192 1846
1191 1847
1190 1848
1189 1848
1188 1849
1187 1850
1186 1851
1185 1851
1184 1852
1183 1853
1182 1854
1181 1854
1180 1855
1179 1856
1178 1857
1177 1857
1176 1858
1175 1859
1174 1860
1173 1860
1172 1861
1171 1862
1170 1863
1169 1864
1168 1865
1167 1866
1166 1867
1165 1868
1165 1869
1164 1870
1163 1870
1162 1870
1161 1871
1160 1871
1159 1872
1158 1873
1157 1874
1156 1875
1155 1875
1154 1876
1153 1876
1152 1877
1151 1877
1150 1878
1149 1878
1148 1879
1147 1880
1146 1880
1145 1881
1144 1882
1143 1883
1142 1884
1141 1884
1140 1885
1139 1885
1138 1886
1137 1886
1136 1886
1135 1887
1134 1887
1133 1888
1132 1889
1131 1890
1130 1891
1129 1892
1128 1893
1128 1894
1128 1895
1127 1896
1126 1896
1125 1896
1124 1896
1123 1896
1122 1896
1121 1897
1120 1898
1119 1898
1118 1899
1117 1899
1116 1900
1115 1900
1114 1901
1113 1902
1112 1902
1111 1903
1110 1904
1109 1905
1108 1905
1107 1906
1106 1907
1105 1907
1104 1908
1103 1908
1102 1909
1101 1910
1100 1910
1099 1911
1098 1912
1097 1913
1096 1913
1095 1914
1094 1914
1093 1915
1092 1915
1091 1916
1090 1917
1089 1918
1088 1919
1087 1919
1086 1919
1085 1920
1084 1920
1083 1921
1082 1921
1081 1922
1080 1922
1079 1923
1078 1924
1077 1924
1076 1925
1075 1925
1074 1926
1073 1926
1072 1927
1071 1927
1070 1928
1069 1928
1068 1929
1067 1929
1066 1930
1065 1930
1064 1930
1063 1931
1062 1932
1061 1932
1060 1933
1059 1933
1058 1934
1057 1934
1056 1935
1055 1935
1054 1936
1053 1936
1052 1936
1051 1937
1050 1937
1049 1938
1048 1939
1047 1939
1046 1939
1045 1940
1044 1940
1043 1941
1042 1942
1041 1942
1040 1943
1039 1943
1038 1943
1037 1944
1036 1944
1035 1945
1034 1945
1033 1946
1032 1947
1031 1947
1030 1948
1029 1948
1028 1949
1027 1949
1026 1950
1025 1950
1024 1950
1023 1951
1022 1951
1021 1951
1020 1952
1019 1953
1018 1953
1017 1954
1016 1954
1015 1954
1014 1955
1013 1955
1012 1956
1011 1956
1010 1956
1009 1956
1008 1957
1007 1957
1006 1958
1005 1958
1004 1958
1003 1959
1002 1959
1001 1960
1000 1960
999 1961
998 1961
997 1962
996 1962
995 1963
994 1963
993 1964
992 1964
991 1964
990 1964
989 1965
988 1965
987 1966
986 1966
985 1967
984 1967
983 1967
982 1968
981 1968
980 1969
979 1969
978 1970
977 1970
976 1971
975 1971
974 1972
973 1972
972 1973
971 1973
970 1974
969 1974
968 1975
967 1975
966 1976
965 1976
964 1977
963 1977
962 1978
961 1978
960 1979
959 1979
958 1980
957 1981
956 1981
955 1981
954 1982
953 1983
952 1983
951 1984
950 1984
949 1985
948 1985
947 1985
946 1986
945 1986
944 1987
943 1987
942 1988
941 1988
940 1989
939 1989
938 1990
937 1990
936 1991
935 1992
934 1992
933 1993
932 1993
931 1994
930 1994
929 1994
928 1994
927 1995
926 1995
925 1996
924 1997
923 1997
922 1997
921 1998
920 1998
919 1998
918 1999
917 1999
916 1999
915 2000
914 2001
913 2001
912 2001
911 2001
910 2002
909 2002
908 2003
907 2003
906 2003
905 2004
904 2004
903 2005
902 2005
901 2005
900 2005
899 2006
898 2007
897 2007
896 2007
895 2008
894 2008
893 2009
892 2010
891 2010
890 2010
889 2010
888 2010
887 2011
886 2012
885 2012
884 2012
883 2013
882 2013
881 2013
880 2014
879 2014
878 2015
877 2015
876 2016
875 2016
874 2017
873 2017
872 2017
871 2018
870 2018
869 2018
868 2019
867 2019
866 2020
865 2020
864 2021
863 2021
862 2022
861 2022
860 2023
859 2023
858 2023
857 2023
856 2023
855 2024
854 2025
853 2025
852 2026
851 2026
850 2026
849 2027
848 2027
847 2027
846 2028
845 2028
844 2028
843 2029
842 2029
841 2030
840 2030
839 2030
838 2031
837 2031
836 2032
835 2032
834 2033
833 2034
832 2034
831 2034
830 2034
829 2034
828 2035
827 2035
826 2035
825 2035
824 2036
823 2036
822 2037
821 2037
820 2037
819 2038
818 2038
817 2039
816 2039
815 2039
814 2039
813 2040
812 2041
811 2041
810 2041
809 2042
808 2042
807 2043
806 2043
805 2043
804 2043
803 2044
802 2045
801 2045
800 2045
799 2046
798 2046
797 2046
796 2047
795 2047
794 2048
793 2048
792 2048
791 2049
790 2049
789 2049
788 2050
787 2051
786 2051
785 2051
784 2052
783 2052
782 2052
781 2053
780 2053
779 2053
778 2054
777 2054
776 2054
775 2055
774 2055
773 2055
772 2056
771 2056
770 2056
769 2057
768 2057
767 2057
766 2057
765 2057
764 2057
763 2057
762 2057
761 2057
760 2057
759 2057
758 2057
757 2057
756 2056
755 2055
754 2054
754 2053
753 2052
753 2051
752 2050
751 2049
751 2048
750 2047
749 2046
749 2045
748 2044
748 2043
748 2042
747 2041
746 2040
746 2039
745 2038
745 2037
744 2036
744 2035
743 2034
743 2033
742 2032
742 2031
741 2030
741 2029
740 2028
740 2027
740 2026
739 2025
739 2024
738 2023
738 2022
737 2021
736 2020
736 2019
735 2018
735 2017
734 2016
734 2015
733 2014
733 2013
732 2012
732 2011
731 2010
731 2009
730 2008
730 2007
729 2006
729 2005
728 2004
728 2003
727 2002
727 2001
727 2000
726 1999
725 1998
725 1997
725 1996
724 1995
724 1994
723 1993
723 1992
722 1991
722 1990
721 1989
721 1988
720 1987
720 1986
719 1985
719 1984
718 1983
718 1982
717 1981
717 1980
716 1979
716 1978
715 1977
715 1976
714 1975
714 1974
713 1973
712 1972
712 1971
712 1970
711 1969
711 1968
710 1967
710 1966
709 1965
709 1964
708 1963
708 1962
707 1961
707 1960
706 1959
706 1958
705 1957
705 1956
704 1955
704 1954
703 1953
703 1952
702 1951
702 1950
701 1949
701 1948
700 1947
699 1946
699 1945
699 1944
698 1943
698 1942
697 1941
697 1940
696 1939
696 1938
695 1937
695 1936
694 1935
694 1934
694 1933
693 1932
693 1931
692 1930
691 1929
691 1928
691 1927
690 1926
690 1925
689 1924
688 1923
688 1922
688 1921
687 1920
687 1919
686 1918
686 1917
685 1916
685 1915
685 1914
684 1913
683 1912
683 1911
683 1910
683 1909
682 1908
682 1907
681 1906
681 1905
680 1904
680 1903
680 1902
679 1901
679 1900
679 1899
678 1898
678 1897
678 1896
677 1895
677 1894
677 1893
677 1892
676 1891
676 1890
676 1889
676 1888
676 1887
675 1886
675 1885
675 1884
674 1883
674 1882
674 1881
673 1880
672 1879
672 1878
672 1877
671 1876
671 1875
671 1874
671 1873
670 1872
670 1871
669 1870
669 1869
669 1868
668 1867
668 1866
668 1865
668 1864
667 1863
667 1862
667 1861
667 1860
667 1859
666 1858
666 1857
666 1856
666 1855
665 1854
665 1853
665 1852
665 1851
664 1850
664 1849
664 1848
663 1847
663 1846
663 1845
663 1844
663 1843
663 1842
663 1841
663 1840
662 1839
662 1838
662 1837
662 1836
662 1835
662 1834
661 1833
661 1832
661 1831
661 1830
661 1829
660 1828
660 1827
660 1826
660 1825
660 1824
660 1823
659 1822
659 1821
659 1820
659 1819
659 1818
659 1817
658 1816
658 1815
658 1814
658 1813
658 1812
657 1811
657 1810
657 1809
657 1808
657 1807
657 1806
657 1805
656 1804
656 1803
656 1802
656 1801
656 1800
656 1799
655 1798
655 1797
655 1796
655 1795
655 1794
655 1793
655 1792
655 1791
655 1790
654 1789
654 1788
654 1787
654 1786
654 1785
654 1784
653 1783
653 1782
653 1781
653 1780
653 1779
653 1778
652 1777
652 1776
652 1775
652 1774
652 1773
652 1772
652 1771
651 1770
651 1769
651 1768
651 1767
651 1766
650 1765
650 1764
650 1763
650 1762
650 1761
650 1760
650 1759
650 1758
650 1757
650 1756
650 1755
650 1754
650 1753
649 1752
649 1751
649 1750
649 1749
649 1748
649 1747
649 1746
649 1745
649 1744
649 1743
649 1742
649 1741
649 1740
649 1739
649 1738
649 1737
649 1736
649 1735
648 1734
648 1733
648 1732
648 1731
648 1730
648 1729
648 1728
648 1727
648 1726
648 1725
648 1724
648 1723
648 1722
648 1721
648 1720
648 1719
648 1718
648 1717
648 1716
648 1715
648 1714
648 1713
648 1712
648 1711
648 1710
648 1709
648 1708
648 1707
648 1706
648 1705
648 1704
648 1703
648 1702
648 1701
648 1700
648 1699
648 1698
648 1697
648 1696
648 1695
648 1694
648 1693
648 1692
648 1691
648 1690
648 1689
648 1688
648 1687
648 1686
648 1685
648 1684
648 1683
648 1682
648 1681
648 1680
648 1679
648 1678
648 1677
648 1676
648 1675
648 1674
648 1673
648 1672
648 1671
648 1670
648 1669
648 1668
648 1667
648 1666
648 1665
648 1664
648 1663
648 1662
649 1661
649 1660
649 1659
649 1658
649 1657
649 1656
649 1655
649 1654
649 1653
649 1652
649 1651
649 1650
649 1649
649 1648
649 1647
649 1646
649 1645
649 1644
649 1643
649 1642
649 1641
649 1640
650 1639
650 1638
650 1637
650 1636
650 1635
650 1634
650 1633
650 1632
650 1631
650 1630
650 1629
650 1628
650 1627
650 1626
650 1625
650 1624
650 1623
650 1622
650 1621
650 1620
650 1619
650 1618
650 1617
650 1616
651 1615
651 1614
651 1613
651 1612
651 1611
651 1610
651 1609
651 1608
651 1607
651 1606
651 1605
651 1604
651 1603
651 1602
651 1601
651 1600
651 1599
652 1598
652 1597
652 1596
652 1595
652 1594
652 1593
652 1592
652 1591
652 1590
652 1589
652 1588
652 1587
652 1586
652 1585
652 1584
652 1583
652 1582
652 1581
652 1580
652 1579
652 1578
652 1577
652 1576
652 1575
652 1574
652 1573
652 1572
652 1571
652 1570
652 1569
652 1568
652 1567
652 1566
652 1565
652 1564
652 1563
652 1562
653 1561
653 1560
653 1559
653 1558
653 1557
653 1556
653 1555
653 1554
653 1553
653 1552
653 1551
653 1550
653 1549
653 1548
653 1547
653 1546
653 1545
653 1544
653 1543
653 1542
653 1541
653 1540
653 1539
653 1538
653 1537
653 1536
653 1535
653 1534
653 1533
653 1532
653 1531
653 1530
653 1529
653 1528
653 1527
653 1526
653 1525
653 1524
653 1523
653 1522
653 1521
653 1520
653 1519
653 1518
653 1517
653 1516
653 1515
653 1514
653 1513
653 1512
653 1511
653 1510
653 1509
653 1508
653 1507
653 1506
653 1505
653 1504
653 1503
653 1502
653 1501
653 1500
653 1499
653 1498
653 1497
653 1496
653 1495
653 1494
653 1493
653 1492
653 1491
653 1490
653 1489
653 1488
653 1487
653 1486
653 1485
653 1484
652 1483
652 1482
652 1481
652 1480
652 1479
652 1478
652 1477
652 1476
652 1475
652 1474
652 1473
652 1472
652 1471
652 1470
652 1469
652 1468
652 1467
652 1466
652 1465
652 1464
652 1463
652 1462
652 1461
651 1460
651 1459
651 1458
651 1457
651 1456
651 1455
651 1454
651 1453
651 1452
651 1451
651 1450
651 1449
651 1448
650 1447
650 1446
650 1445
650 1444
650 1443
650 1442
650 1441
650 1440
650 1439
650 1438
650 1437
650 1436
650 1435
650 1434
649 1433
649 1432
649 1431
649 1430
649 1429
649 1428
649 1427
649 1426
649 1425
649 1424
649 1423
648 1422
648 1421
648 1420
648 1419
648 1418
648 1417
648 1416
648 1415
647 1414
647 1413
647 1412
647 1411
647 1410
647 1409
647 1408
646 1407
646 1406
646 1405
646 1404
646 1403
646 1402
646 1401
646 1400
646 1399
646 1398
646 1397
646 1396
646 1395
647 1394
648 1393
649 1392
650 1392
651 1391
652 1391
653 1391
654 1390
655 1390
656 1390
657 1390
658 1389
659 1389
660 1389
661 1389
662 1389
663 1389
664 1388
665 1388
666 1388
667 1387
668 1387
669 1387
670 1386
671 1386
672 1386
673 1386
674 1386
675 1386
676 1385
677 1385
678 1385
679 1385
680 1384
681 1384
682 1384
683 1383
684 1383
685 1383
686 1383
687 1383
688 1382
689 1382
690 1382
691 1381
692 1381
693 1381
694 1380
695 1380
696 1380
697 1380
698 1379
699 1379
700 1379
701 1378
702 1378
703 1378
704 1378
705 1378
706 1377
707 1376
708 1376
709 1376
710 1376
711 1376
712 1375
713 1375
714 1375
715 1374
716 1374
717 1373
718 1373
719 1373
720 1373
721 1373
722 1372
723 1372
724 1372
725 1372
726 1371
727 1371
728 1370
729 1370
730 1370
731 1369
732 1369
733 1369
734 1369
735 1368
736 1368
737 1367
738 1367
739 1367
740 1366
741 1366
742 1366
743 1365
744 1365
745 1364
746 1364
747 1364
748 1363
749 1363
750 1363
751 1362
752 1362
753 1362
754 1362
755 1361
756 1361
757 1361
758 1360
759 1360
760 1360
761 1359
762 1359
763 1359
764 1358
765 1358
766 1358
767 1358
768 1357
769 1357
770 1357
771 1357
772 1356
773 1356
774 1355
775 1355
776 1355
777 1354
778 1354
779 1353
780 1353
781 1353
782 1352
783 1352
784 1352
785 1351
786 1350
787 1350
788 1350
789 1349
790 1348
791 1348
792 1348
793 1347
794 1347
795 1347
796 1346
797 1346
798 1345
799 1345
800 1344
801 1344
802 1344
803 1343
804 1343
805 1342
806 1342
807 1342
808 1341
809 1341
810 1340
811 1340
812 1340
813 1339
814 1339
815 1338
816 1338
817 1337
818 1337
819 1336
820 1336
821 1335
822 1335
823 1334
824 1334
825 1333
826 1333
827 1332
828 1332
829 1332
830 1331
831 1331
832 1330
833 1330
834 1330
