1114  1697
1115  1697
1116  1697
1117  1697
1118  1697
1119  1697
1120  1697
1121  1698
1122  1698
1123  1698
1124  1698
1125  1698
1126  1698
1127  1698
1128  1699
1129  1699
1130  1699
1131  1700
1132  1700
1133  1700
1134  1701
1135  1701
1136  1702
1137  1702
1138  1703
1139  1703
1140  1704
1141  1705
1142  1705
1143  1706
1144  1707
1145  1708
1146  1708
1147  1709
1148  1710
1149  1711
1150  1712
1151  1713
1152  1714
1152  1715
1152  1716
1152  1717
1152  1718
1152  1719
1152  1720
1151  1721
1151  1722
1151  1723
1151  1724
1151  1725
1150  1726
1150  1727
1150  1728
1149  1729
1149  1730
1149  1731
1149  1732
1149  1733
1149  1734
1149  1735
1149  1736
1149  1737
1149  1738
1149  1739
1149  1740
1149  1741
1149  1742
1149  1743
1149  1744
1148  1745
1148  1746
1148  1747
1148  1748
1148  1749
1148  1750
1148  1751
1148  1752
1148  1753
1148  1754
1149  1755
1149  1756
1149  1757
1149  1758
1149  1759
1149  1760
1149  1761
1149  1762
1149  1763
1149  1764
1149  1765
1150  1766
1150  1767
1150  1768
1151  1769
1151  1770
1151  1771
1151  1772
1152  1773
1152  1774
1153  1775
1153  1776
1154  1777
1154  1778
1155  1779
1155  1780
1156  1781
1157  1782
1158  1783
1159  1784
1160  1785
1161  1786
1162  1787
1163  1788
1164  1788
1165  1788
1166  1788
1167  1789
1168  1789
1169  1789
1170  1789
1171  1788
1172  1788
1173  1787
1174  1787
1175  1786
1176  1786
1177  1786
1178  1785
1179  1785
1180  1784
1181  1784
1182  1784
1183  1783
1184  1783
1185  1783
1186  1783
1187  1782
1188  1782
1189  1782
1190  1782
1191  1782
1192  1782
1193  1782
1194  1782
1195  1782
1196  1782
1197  1782
1198  1782
1199  1783
1200  1784
1201  1784
1202  1785
1203  1786
1204  1787
1205  1788
1206  1789
1207  1790
1208  1791
1209  1792
1209  1793
1210  1794
1210  1795
1210  1796
1211  1797
1211  1798
1211  1799
1212  1800
1212  1801
1212  1802
1212  1803
1212  1804
1212  1805
1212  1806
1212  1807
1212  1808
1212  1809
1213  1810
1213  1811
1213  1812
1213  1813
1212  1814
1212  1815
1212  1816
1212  1817
1212  1818
1212  1819
1212  1820
1212  1821
1212  1822
1212  1823
1212  1824
1211  1825
1210  1826
1210  1827
1210  1828
1209  1829
1208  1830
1208  1831
1207  1832
1206  1833
1205  1834
1204  1835
1203  1835
1202  1836
1201  1837
1200  1838
1199  1838
1198  1838
1197  1839
1196  1839
1195  1839
1194  1840
1193  1840
1192  1840
1191  1840
1190  1840
1189  1840
1188  1840
1187  1840
1186  1840
1185  1839
1184  1839
1183  1839
1182  1839
1181  1839
1180  1839
1179  1839
1178  1838
1177  1838
1176  1838
1175  1838
1174  1838
1173  1838
1172  1838
1171  1838
1170  1839
1169  1839
1168  1839
1167  1840
1166  1841
1165  1842
1164  1843
1163  1844
1162  1845
1162  1846
1161  1847
1161  1848
1161  1849
1161  1850
1161  1851
1161  1852
1161  1853
1161  1854
1161  1855
1161  1856
1161  1857
1162  1858
1162  1859
1162  1860
1163  1861
1163  1862
1164  1863
1164  1864
1164  1865
1165  1866
1165  1867
1166  1868
1166  1869
1167  1870
1167  1871
1167  1872
1168  1873
1168  1874
1169  1875
1169  1876
1170  1877
1170  1878
1171  1879
1171  1880
1172  1881
1173  1882
1173  1883
1174  1884
1174  1885
1175  1886
1175  1887
1176  1888
1176  1889
1177  1890
1178  1891
1179  1892
1179  1893
1180  1894
1181  1895
1182  1896
1182  1897
1183  1898
1184  1899
1185  1900
1186  1901
1186  1902
1187  1903
1188  1904
1188  1905
1188  1906
1188  1907
1188  1908
1188  1909
1187  1910
1186  1911
1186  1912
1185  1913
1184  1914
1183  1915
1182  1916
1181  1917
1181  1918
1180  1919
1179  1920
1178  1921
1177  1922
1176  1923
1176  1924
1175  1925
1174  1926
1174  1927
1173  1928
1173  1929
1172  1930
1172  1931
1171  1932
1170  1933
1170  1934
1169  1935
1169  1936
1168  1937
1168  1938
1168  1939
1167  1940
1167  1941
1166  1942
1166  1943
1166  1944
1165  1945
1165  1946
1165  1947
1165  1948
1164  1949
1164  1950
1164  1951
1164  1952
1163  1953
1163  1954
1162  1955
1162  1956
1161  1957
1160  1958
1159  1958
1158  1959
1157  1959
1156  1959
1155  1959
1154  1958
1153  1958
1152  1958
1151  1958
1150  1958
1149  1958
1148  1957
1147  1957
1146  1957
1145  1957
1144  1957
1143  1956
1142  1956
1141  1956
1140  1955
1139  1955
1138  1955
1137  1955
1136  1954
1135  1954
1134  1954
1133  1954
1132  1953
1131  1953
1130  1953
1129  1953
1128  1952
1127  1952
1126  1952
1125  1951
1124  1951
1123  1950
1122  1950
1121  1949
1120  1949
1119  1948
1118  1948
1117  1947
1116  1946
1115  1945
1114  1944
1114  1943
1113  1942
1112  1941
1112  1940
1111  1939
1111  1938
1111  1937
1110  1936
1110  1935
1110  1934
1110  1933
1111  1932
1111  1931
1111  1930
1111  1929
1112  1928
1112  1927
1112  1926
1112  1925
1113  1924
1113  1923
1114  1922
1114  1921
1114  1920
1114  1919
1114  1918
1114  1917
1114  1916
1114  1915
1114  1914
1114  1913
1114  1912
1114  1911
1113  1910
1113  1909
1112  1908
1111  1907
1110  1906
1109  1905
1108  1904
1107  1903
1106  1903
1105  1902
1104  1901
1103  1901
1102  1900
1101  1900
1100  1900
1099  1899
1098  1899
1097  1899
1096  1899
1095  1898
1094  1898
1093  1898
1092  1898
1091  1898
1090  1898
1089  1898
1088  1898
1087  1898
1086  1899
1085  1899
1084  1899
1083  1899
1082  1899
1081  1899
1080  1900
1079  1900
1078  1900
1077  1900
1076  1901
1075  1901
1074  1901
1073  1902
1072  1903
1071  1903
1070  1904
1069  1904
1068  1905
1067  1906
1066  1907
1065  1908
1064  1909
1063  1910
1063  1911
1063  1912
1062  1913
1062  1914
1061  1915
1061  1916
1061  1917
1061  1918
1061  1919
1061  1920
1061  1921
1061  1922
1061  1923
1062  1924
1062  1925
1062  1926
1062  1927
1063  1928
1063  1929
1063  1930
1063  1931
1063  1932
1064  1933
1064  1934
1064  1935
1064  1936
1064  1937
1065  1938
1065  1939
1065  1940
1065  1941
1065  1942
1065  1943
1065  1944
1065  1945
1064  1946
1063  1947
1062  1948
1061  1949
1060  1950
1059  1951
1058  1952
1057  1952
1056  1953
1055  1953
1054  1954
1053  1954
1052  1954
1051  1954
1050  1954
1049  1955
1048  1955
1047  1955
1046  1955
1045  1955
1044  1955
1043  1955
1042  1955
1041  1955
1040  1955
1039  1955
1038  1955
1037  1955
1036  1955
1035  1955
1034  1954
1033  1954
1032  1954
1031  1954
1030  1954
1029  1954
1028  1954
1027  1954
1026  1954
1025  1953
1024  1953
1023  1953
1022  1953
1021  1952
1020  1952
1019  1952
1018  1952
1017  1952
1016  1952
1015  1952
1014  1951
1013  1951
1012  1951
1011  1951
1010  1950
1009  1950
1008  1950
1007  1950
1006  1949
1005  1949
1004  1949
1003  1949
1002  1948
1001  1948
1000  1948
999  1948
998  1947
997  1947
996  1946
995  1946
994  1946
993  1945
992  1945
991  1945
990  1944
989  1944
988  1943
987  1943
986  1943
985  1942
984  1942
983  1941
982  1941
981  1940
980  1940
979  1939
978  1939
977  1938
976  1938
975  1937
974  1937
973  1937
972  1936
971  1935
970  1935
969  1934
968  1933
967  1932
966  1931
965  1930
965  1929
964  1928
963  1927
963  1926
963  1925
964  1924
964  1923
964  1922
964  1921
964  1920
964  1919
964  1918
964  1917
965  1916
965  1915
965  1914
965  1913
965  1912
965  1911
965  1910
966  1909
966  1908
966  1907
966  1906
966  1905
966  1904
966  1903
966  1902
966  1901
966  1900
967  1899
967  1898
967  1897
967  1896
967  1895
967  1894
967  1893
967  1892
967  1891
967  1890
967  1889
967  1888
967  1887
967  1886
967  1885
967  1884
967  1883
967  1882
968  1881
968  1880
968  1879
968  1878
968  1877
968  1876
968  1875
969  1874
969  1873
969  1872
969  1871
970  1870
970  1869
970  1868
970  1867
971  1866
971  1865
971  1864
972  1863
972  1862
972  1861
973  1860
973  1859
974  1858
974  1857
975  1856
976  1855
977  1854
978  1853
979  1852
980  1852
981  1851
982  1851
983  1851
984  1851
985  1851
986  1852
987  1852
988  1852
989  1853
990  1853
991  1854
992  1854
993  1855
994  1855
995  1856
996  1857
997  1857
998  1858
999  1859
1000  1859
1001  1860
1002  1860
1003  1861
1004  1861
1005  1861
1006  1861
1007  1861
1008  1861
1009  1861
1010  1861
1011  1861
1012  1861
1013  1861
1014  1861
1015  1861
1016  1860
1017  1860
1018  1859
1019  1858
1020  1858
1021  1857
1022  1856
1023  1855
1024  1854
1024  1853
1025  1852
1026  1851
1026  1850
1027  1849
1027  1848
1027  1847
1028  1846
1028  1845
1028  1844
1029  1843
1029  1842
1029  1841
1030  1840
1030  1839
1031  1838
1031  1837
1031  1836
1031  1835
1031  1834
1031  1833
1031  1832
1031  1831
1031  1830
1031  1829
1031  1828
1031  1827
1031  1826
1031  1825
1031  1824
1031  1823
1031  1822
1031  1821
1031  1820
1031  1819
1030  1818
1030  1817
1030  1816
1030  1815
1029  1814
1028  1813
1027  1812
1026  1811
1025  1810
1024  1809
1023  1808
1022  1807
1021  1806
1020  1806
1019  1805
1018  1805
1017  1804
1016  1804
1015  1804
1014  1804
1013  1803
1012  1803
1011  1803
1010  1803
1009  1803
1008  1803
1007  1804
1006  1804
1005  1804
1004  1804
1003  1805
1002  1805
1001  1805
1000  1806
999  1806
998  1806
997  1807
996  1807
995  1808
994  1808
993  1808
992  1809
991  1809
990  1810
989  1810
988  1810
987  1810
986  1810
985  1810
984  1810
983  1810
982  1809
981  1808
980  1807
979  1806
979  1805
978  1804
977  1803
977  1802
976  1801
976  1800
975  1799
975  1798
975  1797
974  1796
974  1795
974  1794
973  1793
973  1792
973  1791
973  1790
972  1789
972  1788
972  1787
972  1786
972  1785
971  1784
971  1783
972  1782
972  1781
972  1780
972  1779
972  1778
972  1777
972  1776
972  1775
972  1774
972  1773
972  1772
973  1771
973  1770
973  1769
973  1768
973  1767
973  1766
973  1765
973  1764
973  1763
974  1762
974  1761
974  1760
974  1759
974  1758
975  1757
975  1756
975  1755
976  1754
976  1753
976  1752
976  1751
977  1750
977  1749
977  1748
977  1747
978  1746
978  1745
978  1744
979  1743
979  1742
980  1741
980  1740
981  1739
981  1738
982  1737
982  1736
983  1735
983  1734
984  1733
984  1732
985  1731
986  1730
986  1729
987  1728
987  1727
988  1726
989  1725
989  1724
990  1723
991  1722
992  1721
992  1720
993  1719
994  1718
995  1717
996  1716
997  1715
998  1714
999  1713
1000  1712
1001  1711
1002  1710
1003  1709
1004  1708
1005  1708
1006  1707
1007  1707
1008  1706
1009  1706
1010  1705
1011  1705
1012  1704
1013  1704
1014  1704
1015  1703
1016  1703
1017  1702
1018  1702
1019  1702
1020  1701
1021  1701
1022  1701
1023  1701
1024  1700
1025  1700
1026  1700
1027  1700
1028  1700
1029  1700
1030  1699
1031  1699
1032  1699
1033  1699
1034  1699
1035  1699
1036  1699
1037  1699
1038  1699
1039  1699
1040  1699
1041  1700
1042  1700
1043  1700
1044  1700
1045  1701
1046  1701
1047  1702
1048  1702
1049  1703
1050  1704
1051  1704
1052  1705
1053  1706
1054  1707
1055  1708
1056  1709
1057  1710
1057  1711
1057  1712
1058  1713
1058  1714
1058  1715
1058  1716
1058  1717
1058  1718
1058  1719
1058  1720
1058  1721
1058  1722
1058  1723
1058  1724
1057  1725
1056  1726
1056  1727
1055  1728
1055  1729
1054  1730
1054  1731
1053  1732
1052  1733
1052  1734
1051  1735
1051  1736
1051  1737
1051  1738
1051  1739
1052  1740
1053  1741
1053  1742
1054  1743
1055  1744
1056  1745
1057  1746
1058  1747
1059  1748
1060  1749
1061  1750
1062  1751
1063  1752
1064  1752
1065  1752
1066  1753
1067  1753
1068  1753
1069  1753
1070  1753
1071  1753
1072  1753
1073  1753
1074  1753
1075  1753
1076  1753
1077  1753
1078  1753
1079  1753
1080  1753
1081  1753
1082  1753
1083  1753
1084  1752
1085  1752
1086  1751
1087  1751
1088  1750
1089  1750
1090  1749
1091  1749
1092  1748
1093  1747
1094  1747
1095  1746
1096  1745
1097  1744
1098  1743
1099  1742
1100  1741
1100  1740
1101  1739
1101  1738
1102  1737
1102  1736
1102  1735
1102  1734
1102  1733
1102  1732
1102  1731
1102  1730
1102  1729
1102  1728
1102  1727
1101  1726
1101  1725
1100  1724
1100  1723
1100  1722
1099  1721
1099  1720
1099  1719
1098  1718
1098  1717
1098  1716
1098  1715
1098  1714
1097  1713
1097  1712
1097  1711
1097  1710
1097  1709
1098  1708
1098  1707
1099  1706
1099  1705
1100  1704
1101  1703
1102  1702
1103  1701
1104  1700
1105  1700
1106  1699
1107  1699
1108  1699
1109  1698
1110  1698
1111  1698
1112  1698
1113  1698
1113  1698
