1257  399
1258  399
1259  399
1260  399
1261  399
1262  399
1263  399
1264  400
1265  400
1266  400
1267  400
1268  401
1269  401
1270  401
1271  401
1272  402
1273  402
1274  402
1275  403
1276  403
1277  404
1278  404
1279  405
1280  406
1281  406
1282  407
1283  408
1284  409
1285  410
1286  411
1287  411
1288  412
1289  413
1290  414
1291  415
1292  416
1293  417
1294  418
1294  419
1295  420
1296  421
1296  422
1297  423
1297  424
1297  425
1298  426
1298  427
1298  428
1298  429
1297  430
1297  431
1297  432
1297  433
1297  434
1296  435
1296  436
1295  437
1294  438
1294  439
1293  440
1292  441
1291  442
1290  443
1289  444
1288  445
1287  446
1286  447
1285  448
1284  449
1283  449
1282  450
1281  451
1280  452
1279  453
1279  454
1278  455
1278  456
1277  457
1277  458
1277  459
1277  460
1278  461
1278  462
1278  463
1278  464
1279  465
1279  466
1280  467
1281  468
1282  469
1283  470
1284  471
1285  472
1286  473
1287  474
1288  474
1289  475
1290  475
1291  476
1292  477
1293  478
1294  478
1295  479
1296  480
1297  480
1298  481
1299  481
1300  481
1301  482
1302  482
1303  483
1304  483
1305  484
1306  484
1307  485
1308  485
1309  486
1310  486
1311  487
1312  487
1313  487
1314  488
1315  488
1316  489
1317  489
1318  490
1319  490
1320  491
1321  491
1322  492
1323  492
1324  493
1325  493
1326  494
1327  494
1328  495
1329  495
1330  496
1331  496
1332  497
1333  498
1334  498
1335  498
1336  499
1337  499
1338  500
1339  501
1340  502
1341  503
1341  504
1340  505
1339  506
1339  507
1338  508
1337  509
1336  510
1335  511
1334  512
1333  513
1332  514
1332  515
1331  516
1330  517
1330  518
1330  519
1329  520
1329  521
1329  522
1329  523
1329  524
1329  525
1330  526
1330  527
1330  528
1330  529
1330  530
1331  531
1331  532
1331  533
1331  534
1332  535
1333  536
1334  537
1335  538
1336  539
1337  539
1338  540
1339  540
1340  540
1341  540
1342  540
1343  540
1344  540
1345  540
1346  540
1347  541
1348  541
1349  541
1350  541
1351  541
1352  541
1353  541
1354  541
1355  542
1356  542
1357  542
1358  542
1359  543
1360  543
1361  544
1362  544
1363  545
1364  546
1365  547
1366  548
1366  549
1367  550
1367  551
1368  552
1368  553
1368  554
1369  555
1369  556
1369  557
1369  558
1369  559
1369  560
1369  561
1369  562
1369  563
1369  564
1369  565
1369  566
1369  567
1368  568
1368  569
1368  570
1367  571
1367  572
1367  573
1366  574
1366  575
1365  576
1365  577
1365  578
1364  579
1364  580
1363  581
1363  582
1362  583
1361  584
1360  585
1359  586
1358  587
1357  588
1356  589
1355  590
1354  590
1353  591
1352  592
1351  592
1350  593
1349  593
1348  593
1347  593
1346  594
1345  594
1344  594
1343  594
1342  594
1341  593
1340  593
1339  593
1338  593
1337  592
1336  591
1335  591
1334  591
1333  590
1332  590
1331  589
1330  589
1329  588
1328  588
1327  587
1326  587
1325  587
1324  586
1323  586
1322  586
1321  586
1320  586
1319  586
1318  586
1317  586
1316  586
1315  586
1314  587
1313  587
1312  587
1311  588
1310  589
1309  590
1308  591
1307  592
1307  593
1306  594
1306  595
1306  596
1306  597
1306  598
1306  599
1306  600
1306  601
1306  602
1306  603
1306  604
1306  605
1306  606
1306  607
1306  608
1306  609
1306  610
1307  611
1307  612
1307  613
1307  614
1307  615
1307  616
1308  617
1308  618
1308  619
1308  620
1308  621
1307  622
1306  623
1305  624
1304  625
1303  625
1302  626
1301  626
1300  627
1299  627
1298  628
1297  628
1296  629
1295  629
1294  630
1293  630
1292  631
1291  631
1290  632
1289  632
1288  632
1287  633
1286  633
1285  633
1284  634
1283  634
1282  635
1281  635
1280  635
1279  636
1278  636
1277  636
1276  637
1275  637
1274  638
1273  638
1272  638
1271  638
1270  639
1269  639
1268  640
1267  640
1266  640
1265  640
1264  641
1263  641
1262  641
1261  641
1260  642
1259  642
1258  642
1257  643
1256  643
1255  644
1254  644
1253  644
1252  644
1251  644
1250  645
1249  645
1248  645
1247  645
1246  645
1245  645
1244  645
1243  645
1242  645
1241  645
1240  644
1239  644
1238  644
1237  643
1236  642
1235  641
1234  640
1233  639
1232  638
1232  637
1231  636
1231  635
1231  634
1231  633
1231  632
1231  631
1231  630
1231  629
1231  628
1231  627
1231  626
1231  625
1231  624
1232  623
1232  622
1233  621
1234  620
1235  619
1235  618
1236  617
1236  616
1237  615
1238  614
1238  613
1238  612
1239  611
1239  610
1240  609
1240  608
1240  607
1241  606
1241  605
1241  604
1241  603
1241  602
1241  601
1241  600
1241  599
1241  598
1240  597
1240  596
1239  595
1238  594
1238  593
1237  592
1236  591
1235  590
1234  589
1233  588
1232  587
1231  586
1230  586
1229  585
1228  584
1227  584
1226  583
1225  582
1224  582
1223  581
1222  581
1221  580
1220  580
1219  580
1218  579
1217  579
1216  578
1215  578
1214  578
1213  578
1212  577
1211  577
1210  577
1209  577
1208  577
1207  577
1206  577
1205  577
1204  577
1203  577
1202  577
1201  577
1200  577
1199  577
1198  577
1197  577
1196  577
1195  577
1194  577
1193  577
1192  577
1191  577
1190  578
1189  578
1188  578
1187  579
1186  579
1185  580
1184  581
1183  582
1182  583
1181  584
1180  585
1179  586
1179  587
1178  588
1178  589
1178  590
1177  591
1177  592
1177  593
1177  594
1177  595
1177  596
1177  597
1177  598
1177  599
1177  600
1177  601
1177  602
1177  603
1177  604
1176  605
1176  606
1176  607
1176  608
1175  609
1175  610
1174  611
1173  612
1172  613
1171  614
1170  615
1169  616
1168  617
1167  617
1166  617
1165  618
1164  618
1163  618
1162  618
1161  618
1160  618
1159  618
1158  618
1157  618
1156  618
1155  618
1154  618
1153  618
1152  618
1151  618
1150  617
1149  617
1148  617
1147  617
1146  616
1145  616
1144  616
1143  615
1142  615
1141  614
1140  614
1139  614
1138  613
1137  613
1136  612
1135  611
1134  611
1133  611
1132  610
1131  609
1130  609
1129  608
1128  608
1127  607
1126  607
1125  606
1124  605
1123  605
1122  604
1121  604
1120  603
1119  602
1118  602
1117  601
1116  600
1115  600
1114  599
1113  598
1112  597
1111  596
1110  595
1110  594
1110  593
1110  592
1111  591
1111  590
1112  589
1112  588
1113  587
1114  586
1114  585
1115  584
1115  583
1116  582
1117  581
1117  580
1118  579
1118  578
1119  577
1120  576
1120  575
1120  574
1121  573
1122  572
1122  571
1123  570
1123  569
1123  568
1124  567
1124  566
1125  565
1126  564
1126  563
1126  562
1127  561
1127  560
1128  559
1128  558
1129  557
1129  556
1130  555
1130  554
1130  553
1130  552
1131  551
1131  550
1132  549
1132  548
1132  547
1133  546
1133  545
1133  544
1133  543
1134  542
1134  541
1134  540
1134  539
1135  538
1135  537
1135  536
1135  535
1135  534
1135  533
1134  532
1134  531
1133  530
1133  529
1132  528
1131  527
1130  527
1129  526
1128  525
1127  525
1126  525
1125  524
1124  524
1123  524
1122  524
1121  524
1120  524
1119  524
1118  524
1117  524
1116  524
1115  524
1114  524
1113  524
1112  524
1111  524
1110  523
1109  523
1108  523
1107  522
1106  522
1105  521
1104  520
1103  519
1102  518
1102  517
1101  516
1101  515
1100  514
1099  513
1099  512
1099  511
1098  510
1098  509
1098  508
1098  507
1098  506
1098  505
1098  504
1098  503
1098  502
1098  501
1098  500
1098  499
1098  498
1098  497
1098  496
1099  495
1099  494
1099  493
1100  492
1100  491
1100  490
1101  489
1101  488
1101  487
1102  486
1102  485
1102  484
1103  483
1103  482
1104  481
1105  480
1105  479
1106  478
1107  477
1107  476
1108  475
1109  474
1110  473
1111  472
1112  471
1113  470
1114  469
1115  469
1116  469
1117  468
1118  468
1119  468
1120  468
1121  468
1122  468
1123  468
1124  468
1125  468
1126  468
1127  469
1128  469
1129  470
1130  471
1131  472
1132  473
1133  473
1134  474
1135  475
1136  476
1137  477
1138  478
1139  479
1140  479
1141  480
1142  480
1143  480
1144  480
1145  481
1146  481
1147  481
1148  481
1149  481
1150  481
1151  481
1152  480
1153  480
1154  479
1155  479
1156  478
1157  477
1158  476
1159  475
1160  474
1161  473
1162  472
1163  471
1164  470
1165  469
1166  468
1166  467
1167  466
1168  465
1168  464
1169  463
1170  462
1170  461
1171  460
1172  459
1172  458
1173  457
1174  456
1174  455
1175  454
1176  453
1176  452
1177  451
1177  450
1178  449
1179  448
1179  447
1180  446
1180  445
1181  444
1182  443
1182  442
1183  441
1183  440
1184  439
1185  438
1185  437
1186  436
1187  435
1187  434
1188  433
1189  432
1190  433
1191  433
1192  434
1193  434
1194  435
1195  435
1196  436
1197  436
1198  437
1199  438
1200  438
1201  439
1202  439
1203  439
1204  440
1205  440
1206  441
1207  441
1208  442
1209  442
1210  442
1211  443
1212  443
1213  443
1214  443
1215  444
1216  444
1217  444
1218  444
1219  444
1220  444
1221  444
1222  444
1223  444
1224  444
1225  444
1226  444
1227  444
1228  444
1229  444
1230  444
1231  444
1232  443
1233  443
1234  443
1235  442
1236  441
1237  440
1238  439
1238  438
1238  437
1238  436
1238  435
1238  434
1238  433
1238  432
1238  431
1238  430
1237  429
1237  428
1237  427
1237  426
1237  425
1237  424
1237  423
1237  422
1237  421
1237  420
1237  419
1237  418
1238  417
1238  416
1238  415
1238  414
1238  413
1239  412
1239  411
1240  410
1240  409
1241  408
1242  407
1243  406
1244  405
1245  404
1246  403
1247  402
1248  402
1249  402
1250  401
1251  401
1252  401
1253  400
1254  400
1255  400
1256  400
1256  400
