628 686
629 685
630 685
631 684
632 683
633 683
634 682
635 682
636 681
636 681
637 680
638 680
639 680
640 680
641 681
642 681
643 681
644 682
645 682
646 682
647 683
648 683
649 683
650 684
651 684
652 684
653 685
654 685
655 685
656 686
657 686
658 686
659 687
660 687
661 687
662 688
663 688
664 688
665 688
666 689
667 689
668 690
669 690
670 690
671 691
672 691
673 691
674 691
675 692
676 692
677 692
678 693
679 693
680 693
681 694
682 694
683 694
684 695
685 695
686 695
687 696
688 696
689 696
690 697
691 697
692 697
693 698
694 698
695 699
696 699
697 699
698 699
699 700
700 700
701 700
702 701
703 701
704 701
705 702
706 702
707 702
708 703
709 703
710 703
711 704
712 704
713 704
714 705
715 705
716 705
717 706
718 706
719 706
720 707
721 707
722 707
723 708
724 708
725 708
726 709
727 709
728 709
729 710
730 710
731 710
732 711
733 711
734 711
735 712
736 712
737 713
738 713
739 713
740 714
741 714
742 714
743 715
744 715
745 715
746 716
747 716
748 716
749 717
750 717
751 717
752 718
753 718
754 718
755 719
756 719
757 719
758 720
759 720
760 720
761 720
762 721
763 721
764 722
765 722
766 722
767 723
768 723
769 723
770 724
771 724
772 724
773 725
774 725
775 725
776 726
777 726
778 726
779 727
780 727
781 727
782 728
783 728
784 728
785 729
786 729
787 729
788 730
789 730
790 730
791 731
792 731
793 731
794 732
795 732
796 732
797 733
798 733
799 734
800 734
801 734
802 734
803 735
804 735
805 735
806 736
807 736
808 737
809 737
810 737
811 738
812 738
813 738
814 739
815 739
816 739
817 740
818 740
819 740
820 741
821 741
822 741
823 742
824 742
825 742
826 743
827 743
828 743
829 744
830 744
831 744
832 745
833 745
834 745
835 746
836 746
837 746
838 746
839 747
840 747
841 747
842 748
843 748
844 748
845 749
846 749
847 749
848 750
849 750
850 750
851 751
852 751
853 751
854 752
855 752
856 752
857 753
858 753
859 753
860 754
861 754
862 754
863 755
864 755
865 756
866 756
867 757
868 757
869 758
870 758
871 759
871 760
870 761
870 762
870 763
869 764
869 765
868 766
868 767
868 768
867 769
867 770
867 771
866 772
866 773
865 774
865 775
865 776
864 777
864 778
864 779
863 780
863 781
862 782
862 783
862 784
861 785
861 786
860 787
860 788
860 789
859 790
859 791
859 792
858 793
858 794
857 795
857 796
857 797
856 798
856 799
856 800
855 801
855 802
854 803
854 804
854 805
853 806
853 807
853 808
852 809
852 810
852 811
851 812
851 813
850 814
850 815
850 816
849 817
849 818
849 819
848 820
848 821
847 822
847 823
847 824
846 825
846 826
846 827
845 828
845 829
844 830
844 831
844 832
843 833
843 834
843 835
842 836
842 837
842 838
841 839
841 840
841 841
840 842
840 843
840 844
839 845
839 846
839 847
838 848
838 849
837 850
837 851
837 852
836 853
836 854
836 855
835 856
835 857
835 858
834 859
834 860
833 861
833 862
833 863
833 864
832 865
832 866
832 867
831 868
831 869
830 870
830 871
830 872
829 873
829 874
829 875
829 876
828 877
828 878
827 879
827 880
827 881
826 882
826 883
826 884
825 885
825 886
825 887
824 888
824 889
824 890
823 891
823 892
823 893
822 894
822 895
822 896
821 897
821 898
821 899
820 900
820 901
820 902
819 903
819 904
819 905
818 906
818 907
818 908
817 909
817 910
817 911
816 912
816 913
816 914
815 915
815 916
815 917
814 918
814 919
814 920
814 921
813 922
813 923
813 924
812 925
812 926
812 927
811 928
811 929
811 930
810 931
810 932
810 933
809 934
809 935
809 936
808 937
808 938
808 939
807 940
807 941
807 942
806 943
806 944
806 945
806 946
805 947
805 948
805 949
804 950
804 951
804 952
803 953
803 954
803 955
802 956
802 957
802 958
801 959
801 960
801 961
801 962
800 963
800 964
800 965
799 966
799 967
799 968
798 969
798 970
798 971
798 972
797 973
797 974
797 975
796 976
796 977
796 978
795 979
795 980
795 981
794 982
794 983
794 984
794 985
793 986
793 987
793 988
792 989
792 990
792 991
791 992
791 993
791 994
790 995
790 996
790 997
790 998
789 999
789 1000
789 1001
788 1002
788 1003
788 1004
787 1005
787 1006
787 1007
787 1008
786 1009
786 1010
786 1011
785 1012
785 1013
785 1014
784 1015
784 1016
784 1017
783 1018
783 1019
783 1020
783 1021
782 1022
782 1023
782 1024
781 1025
781 1026
781 1027
780 1028
780 1029
780 1030
780 1031
779 1032
779 1033
779 1034
778 1035
778 1036
778 1037
777 1038
777 1039
777 1040
776 1041
776 1042
776 1043
776 1044
775 1045
775 1046
775 1047
774 1048
774 1049
774 1050
773 1051
773 1052
773 1053
773 1054
772 1055
772 1056
772 1057
771 1058
771 1059
771 1060
770 1061
770 1062
770 1063
770 1064
769 1065
769 1066
769 1067
768 1068
768 1069
768 1070
767 1071
766 1072
765 1072
764 1072
763 1072
762 1072
761 1072
760 1072
759 1072
758 1072
757 1072
756 1072
755 1072
754 1072
753 1072
752 1072
751 1072
750 1072
749 1072
748 1072
747 1072
746 1073
745 1073
744 1073
743 1073
742 1073
741 1073
740 1073
739 1073
738 1073
737 1073
736 1073
735 1073
734 1074
733 1074
732 1074
731 1074
730 1074
729 1074
728 1074
727 1074
726 1074
725 1074
724 1074
723 1074
722 1074
721 1074
720 1074
719 1075
718 1075
717 1075
716 1075
715 1075
714 1075
713 1075
712 1075
711 1075
710 1075
709 1075
708 1075
707 1075
706 1075
705 1075
704 1075
703 1075
702 1075
701 1075
700 1075
699 1075
698 1075
697 1075
696 1075
695 1075
694 1075
693 1075
692 1075
691 1075
690 1075
689 1075
688 1075
687 1075
686 1074
685 1074
684 1074
683 1074
682 1074
681 1074
680 1074
679 1073
678 1073
677 1073
676 1073
675 1073
674 1073
673 1073
672 1073
671 1072
670 1072
669 1072
668 1072
667 1072
666 1072
665 1071
664 1071
663 1071
662 1071
661 1071
660 1070
659 1070
658 1070
657 1070
656 1070
655 1069
654 1069
653 1069
652 1069
651 1069
650 1068
649 1068
648 1068
647 1068
646 1068
645 1067
644 1067
643 1067
642 1067
641 1067
640 1066
639 1066
638 1066
637 1066
636 1066
635 1065
634 1065
633 1065
632 1065
631 1064
630 1064
629 1064
628 1064
627 1063
626 1063
625 1063
624 1063
623 1062
622 1062
621 1062
620 1062
619 1062
618 1061
617 1061
616 1061
615 1061
614 1060
613 1060
612 1060
611 1060
610 1059
609 1059
608 1059
607 1059
606 1058
605 1058
604 1058
603 1058
602 1057
601 1057
600 1057
599 1057
598 1056
597 1056
596 1056
595 1056
594 1055
593 1055
592 1055
591 1055
590 1054
589 1054
588 1054
587 1054
586 1053
585 1053
584 1053
583 1053
582 1052
581 1052
580 1052
579 1051
578 1051
577 1051
576 1051
575 1050
574 1050
573 1050
572 1050
571 1049
570 1049
569 1049
568 1049
567 1048
566 1048
565 1048
564 1047
563 1047
562 1047
561 1046
560 1046
559 1046
558 1046
557 1045
556 1045
555 1045
554 1044
553 1044
552 1044
551 1043
550 1043
549 1043
548 1042
547 1042
546 1042
545 1041
544 1041
543 1041
542 1040
541 1040
540 1040
539 1039
538 1039
537 1039
536 1038
535 1038
534 1038
533 1037
532 1037
531 1037
530 1036
529 1036
528 1036
527 1035
526 1035
525 1034
524 1034
523 1034
522 1033
521 1033
520 1033
519 1032
518 1032
517 1031
516 1031
515 1031
514 1030
513 1030
512 1029
511 1029
510 1029
509 1028
508 1028
507 1028
506 1027
505 1027
504 1026
503 1026
502 1025
501 1025
500 1025
499 1024
498 1024
497 1023
496 1023
495 1023
494 1022
493 1022
492 1021
491 1021
490 1020
489 1020
488 1020
487 1019
486 1019
485 1018
484 1018
483 1017
482 1017
481 1016
480 1016
479 1016
478 1015
477 1015
476 1014
475 1014
474 1013
473 1013
472 1012
471 1012
470 1012
469 1011
468 1011
467 1010
466 1010
465 1009
464 1009
463 1009
462 1008
461 1008
460 1007
459 1007
458 1006
457 1006
456 1006
455 1005
454 1005
453 1004
452 1004
451 1003
450 1003
449 1002
448 1002
447 1002
446 1001
445 1001
444 1000
443 1000
442 999
441 999
440 999
439 998
438 998
437 997
436 997
435 996
434 996
433 995
432 995
431 994
430 994
429 994
428 993
427 993
426 992
425 992
424 991
423 991
422 990
421 990
420 990
419 989
418 989
417 988
416 988
415 987
414 987
413 987
412 986
411 986
410 985
409 985
408 984
407 984
406 984
405 983
404 983
403 982
402 982
401 981
400 981
399 980
398 980
397 980
396 979
395 979
394 978
393 977
392 976
392 975
392 974
392 973
392 972
393 971
393 970
393 969
393 968
394 967
394 966
394 965
395 964
395 963
395 962
395 961
396 960
396 959
396 958
396 957
397 956
397 955
397 954
398 953
398 952
398 951
399 950
399 949
399 948
399 947
400 946
400 945
400 944
401 943
401 942
401 941
401 940
402 939
402 938
402 937
403 936
403 935
403 934
404 933
404 932
404 931
405 930
405 929
406 928
406 927
406 926
407 925
407 924
408 923
408 922
409 921
409 920
409 919
410 918
410 917
411 916
411 915
412 914
412 913
413 912
413 911
414 910
414 909
415 908
415 907
416 906
416 905
417 904
417 903
418 902
418 901
419 900
419 899
420 898
420 897
421 896
421 895
422 894
423 893
423 892
424 891
424 890
425 889
425 888
426 887
426 886
427 885
428 884
428 883
429 882
429 881
430 880
430 879
431 878
432 877
432 876
433 875
433 874
434 873
434 872
435 871
436 870
436 869
437 868
437 867
438 866
438 865
439 864
440 863
440 862
441 861
441 860
442 859
443 858
443 857
444 856
444 855
445 854
446 853
446 852
447 851
447 850
448 849
448 848
449 847
450 846
450 845
451 844
451 843
452 842
453 841
453 840
454 839
454 838
455 837
456 836
456 835
457 834
458 833
458 832
459 831
460 830
460 829
461 828
461 827
462 826
463 825
463 824
464 823
465 822
465 821
466 820
467 819
468 818
468 817
469 816
470 815
471 814
471 813
472 812
473 811
474 810
475 809
475 808
476 807
477 806
478 805
479 804
480 803
481 802
482 801
483 800
483 799
484 798
485 797
486 796
487 795
488 794
489 793
490 792
491 791
492 790
493 789
494 788
495 787
496 786
497 785
498 784
499 783
500 782
501 781
502 780
503 779
504 778
505 777
506 776
507 775
508 774
509 773
510 772
511 771
512 770
513 769
514 768
515 767
516 766
517 765
518 764
519 763
520 762
521 761
522 760
523 759
524 758
525 757
526 756
527 755
528 754
529 753
530 752
531 752
532 751
533 750
534 749
535 748
536 747
537 747
538 746
539 745
540 744
541 744
542 743
543 742
544 741
545 741
546 740
547 739
548 738
549 737
550 737
551 736
552 735
553 734
554 734
555 733
556 732
557 731
558 731
559 730
560 729
561 729
562 728
563 727
564 726
565 726
566 725
567 724
568 724
569 723
570 722
571 721
572 721
573 720
574 719
575 719
576 718
577 717
578 717
579 716
580 715
581 715
582 714
583 713
584 713
585 712
586 711
587 711
588 710
589 709
590 709
591 708
592 707
593 707
594 706
595 706
596 705
597 704
598 704
599 703
600 702
601 702
602 701
603 700
604 700
605 699
606 699
607 698
608 697
609 697
610 696
611 696
612 695
613 695
614 694
615 693
616 693
617 692
618 692
619 691
620 690
621 690
622 689
623 689
624 688
625 687
626 687
627 686

