106 367
106 366
106 365
106 364
106 363
106 362
106 361
106 360
106 359
106 359
107 358
108 359
109 360
110 361
111 362
112 363
113 363
114 364
115 365
115 366
116 367
117 368
118 369
119 370
120 371
120 372
121 373
122 374
123 375
124 376
125 377
126 378
126 379
127 380
128 381
129 382
129 383
130 384
131 385
132 386
133 387
134 388
135 389
136 390
137 391
138 392
139 393
139 394
140 395
141 396
141 397
142 398
143 398
144 399
144 400
145 401
146 402
147 403
148 404
149 405
150 406
150 407
151 408
151 409
152 410
153 411
154 412
155 413
156 414
157 415
158 416
159 417
160 418
160 419
161 420
162 421
163 422
164 423
165 424
166 425
167 426
168 427
169 428
170 429
170 430
171 431
172 432
173 433
174 434
175 435
175 436
176 437
177 438
178 439
179 440
180 441
181 442
182 443
183 444
184 445
185 446
185 447
186 448
187 449
188 450
189 451
190 452
191 453
192 454
193 455
194 456
195 457
196 458
197 459
198 460
199 461
200 462
201 463
202 464
203 465
204 466
205 467
206 468
207 469
208 470
209 471
210 472
211 473
212 474
213 475
214 476
215 476
216 477
217 478
218 478
219 479
220 480
221 481
222 482
223 483
224 484
225 485
226 486
227 486
228 487
229 488
230 489
231 490
232 491
233 491
234 492
235 493
236 494
237 494
238 495
239 496
240 497
241 498
242 498
243 499
244 500
245 501
246 501
247 502
248 503
249 504
250 504
251 505
252 506
253 507
254 507
255 508
256 509
257 510
258 510
259 511
260 512
261 512
262 513
263 514
264 514
265 515
266 516
267 517
268 517
269 518
270 519
271 519
272 520
273 521
274 521
275 522
276 522
277 523
278 523
279 524
280 524
281 525
282 525
283 526
284 526
285 527
286 527
287 528
288 528
289 528
290 529
291 529
292 530
293 530
294 530
295 531
296 531
297 532
298 532
299 532
300 533
301 533
302 533
303 534
304 534
305 534
306 535
307 535
308 535
309 536
310 536
311 536
312 537
313 537
314 537
315 538
316 538
317 538
318 539
319 539
320 539
321 540
322 540
323 540
324 540
325 541
326 541
327 541
328 542
329 542
330 542
331 542
332 543
333 543
334 543
335 543
336 544
337 544
338 544
339 544
340 545
341 545
342 545
343 545
344 546
345 546
346 546
347 546
348 547
349 547
350 547
351 547
352 547
353 548
354 548
355 548
356 548
357 548
358 549
359 549
360 549
361 549
362 549
363 549
364 550
365 550
366 550
367 550
368 550
369 550
370 550
371 551
372 551
373 551
374 551
375 551
376 551
377 551
378 551
379 552
380 552
381 552
382 552
383 552
384 552
385 552
386 552
387 552
388 552
389 552
390 552
391 552
392 552
393 552
394 552
395 552
396 552
397 552
398 552
399 552
400 552
401 552
402 552
403 552
404 552
405 553
406 553
407 553
408 553
409 553
410 553
411 553
412 553
413 553
414 553
415 553
416 553
417 552
418 552
419 552
420 552
421 552
422 552
423 552
424 552
425 552
426 552
427 552
428 552
429 552
430 552
431 552
432 552
433 552
434 552
435 552
436 552
437 552
438 551
439 551
440 551
441 551
442 551
443 551
444 551
445 551
446 551
447 551
448 551
449 551
450 551
451 551
452 550
453 550
454 550
455 550
456 550
457 550
458 550
459 550
460 550
461 550
462 550
463 550
464 549
465 549
466 549
467 549
468 549
469 549
470 549
471 549
472 549
473 548
474 548
475 548
476 548
477 548
478 548
479 548
480 548
481 548
482 547
483 547
484 547
485 547
486 547
487 547
488 547
489 547
490 546
491 546
492 546
493 546
494 546
495 546
496 545
497 545
498 545
499 545
500 545
501 545
502 545
503 544
504 544
505 544
506 544
507 544
508 543
509 543
510 543
511 543
512 543
513 542
514 542
515 543
516 544
516 545
516 546
516 547
517 548
517 549
517 550
517 551
517 552
517 553
517 554
517 555
517 556
517 557
517 558
517 559
517 560
517 561
517 562
517 563
517 564
517 565
517 566
517 567
517 568
516 569
516 570
516 571
516 572
516 573
516 574
516 575
516 576
516 577
516 578
516 579
516 580
516 581
516 582
515 583
515 584
515 585
515 586
515 587
515 588
515 589
515 590
515 591
515 592
515 593
514 594
514 595
514 596
514 597
514 598
514 599
514 600
514 601
513 602
513 603
513 604
513 605
513 606
512 607
512 608
512 609
512 610
512 611
512 612
511 613
511 614
511 615
511 616
511 617
510 618
510 619
510 620
509 621
509 622
509 623
509 624
508 625
508 626
508 627
508 628
508 629
507 630
507 631
507 632
507 633
506 634
506 635
506 636
505 637
505 638
505 639
505 640
505 641
505 642
504 643
504 644
503 645
503 646
503 647
502 648
502 649
502 650
501 651
501 652
501 653
500 654
500 655
500 656
500 657
499 658
499 659
498 660
498 661
498 662
497 663
497 664
497 665
496 666
496 667
496 668
495 669
495 670
494 671
494 672
494 673
493 674
493 675
492 676
492 677
492 678
491 679
491 680
490 681
490 682
490 683
489 684
489 685
488 686
488 687
488 688
487 689
487 690
487 691
486 692
486 693
485 694
485 695
484 696
484 697
484 698
483 699
483 700
482 701
482 702
482 703
481 704
481 705
480 706
480 707
480 708
479 709
479 710
478 711
478 712
477 713
477 714
476 715
476 716
475 717
475 718
474 719
474 720
474 721
473 722
473 723
472 724
472 725
471 726
471 727
470 728
470 729
469 730
468 731
468 732
468 733
467 734
467 735
466 736
466 737
465 738
465 739
464 740
464 741
463 742
463 743
462 744
462 745
461 746
460 747
460 748
460 749
459 750
458 751
458 752
457 753
457 754
457 755
456 756
455 757
455 758
454 759
454 760
453 761
453 762
452 763
452 764
451 765
451 766
450 767
450 768
449 769
449 770
448 771
448 772
447 773
447 774
446 775
446 776
445 777
445 778
444 779
444 780
443 781
442 782
442 783
441 784
441 785
440 786
440 787
439 788
439 789
438 790
437 791
437 792
436 793
436 794
436 795
435 796
434 797
434 798
433 799
433 800
432 801
432 802
431 803
430 804
430 805
429 806
429 807
428 808
428 809
427 810
427 811
426 812
425 813
425 814
424 815
424 816
423 817
423 818
422 819
421 820
421 821
420 822
420 823
419 824
418 825
418 826
417 827
417 828
416 829
415 830
415 831
415 832
414 833
413 834
413 835
412 836
412 837
411 838
410 839
410 840
409 841
409 842
408 843
407 844
406 844
405 845
404 845
403 845
402 845
401 845
400 845
399 845
398 845
397 846
396 846
395 846
394 846
393 846
392 846
391 846
390 847
389 847
388 847
387 847
386 847
385 847
384 847
383 847
382 848
381 848
380 848
379 848
378 848
377 848
376 848
375 848
374 849
373 849
372 849
371 849
370 849
369 849
368 849
367 850
366 850
365 850
364 850
363 850
362 850
361 850
360 850
359 851
358 851
357 851
356 851
355 851
354 851
353 851
352 851
351 852
350 852
349 852
348 852
347 852
346 852
345 852
344 853
343 853
342 853
341 853
340 853
339 853
338 853
337 853
336 853
335 853
334 854
333 854
332 854
331 854
330 854
329 854
328 854
327 854
326 855
325 855
324 855
323 855
322 855
321 855
320 855
319 855
318 856
317 856
316 856
315 856
314 856
313 856
312 856
311 857
310 857
309 857
308 857
307 857
306 857
305 857
304 858
303 858
302 858
301 858
300 858
299 858
298 858
297 859
296 859
295 859
294 859
293 859
292 859
291 859
290 859
289 860
288 860
287 860
286 860
285 860
284 860
283 860
282 860
281 861
280 861
279 861
278 861
277 861
276 861
275 861
274 861
273 862
272 862
271 862
270 862
269 862
268 862
267 862
266 863
265 863
264 863
263 863
262 863
261 863
260 863
259 864
258 864
257 864
256 864
255 864
254 864
253 864
252 865
251 865
250 865
249 865
248 865
247 865
246 865
245 865
244 866
243 866
242 866
241 866
240 866
239 866
238 866
237 866
236 867
235 867
234 867
233 867
232 867
231 867
230 867
229 867
228 868
227 868
226 868
225 868
224 868
223 868
222 868
221 869
220 869
219 869
218 869
217 869
216 869
215 869
214 869
213 870
212 870
211 870
210 870
209 870
208 870
207 870
206 871
205 871
204 871
203 871
202 871
201 871
200 871
199 871
198 871
197 872
196 872
195 872
194 872
193 872
192 872
191 872
190 872
189 873
188 873
187 873
186 873
185 873
184 873
183 873
182 873
181 874
180 874
179 874
178 874
177 874
176 874
175 874
174 874
173 874
172 875
171 875
170 875
169 875
168 875
167 874
166 873
165 873
164 873
163 872
163 871
163 870
163 869
162 868
162 867
162 866
162 865
162 864
162 863
162 862
161 861
161 860
161 859
161 858
161 857
161 856
161 855
160 854
160 853
160 852
160 851
160 850
160 849
160 848
159 847
159 846
159 845
159 844
159 843
159 842
159 841
158 840
158 839
158 838
158 837
158 836
158 835
158 834
157 833
157 832
157 831
157 830
157 829
157 828
157 827
156 826
156 825
156 824
156 823
156 822
156 821
156 820
155 819
155 818
155 817
155 816
155 815
155 814
155 813
154 812
154 811
154 810
154 809
154 808
154 807
154 806
153 805
153 804
153 803
153 802
153 801
153 800
153 799
152 798
152 797
152 796
152 795
152 794
152 793
152 792
152 791
151 790
151 789
151 788
151 787
151 786
151 785
151 784
151 783
150 782
150 781
150 780
150 779
150 778
150 777
150 776
150 775
149 774
149 773
149 772
149 771
149 770
149 769
149 768
148 767
148 766
148 765
148 764
148 763
148 762
148 761
147 760
147 759
147 758
147 757
147 756
147 755
147 754
147 753
146 752
146 751
146 750
146 749
146 748
146 747
146 746
146 745
145 744
145 743
145 742
145 741
145 740
145 739
145 738
145 737
144 736
144 735
144 734
144 733
144 732
144 731
144 730
144 729
143 728
143 727
143 726
143 725
143 724
143 723
143 722
143 721
142 720
142 719
142 718
142 717
142 716
142 715
142 714
141 713
141 712
141 711
141 710
141 709
141 708
141 707
141 706
140 705
140 704
140 703
140 702
140 701
140 700
140 699
140 698
140 697
139 696
139 695
139 694
139 693
139 692
139 691
139 690
139 689
139 688
138 687
138 686
138 685
138 684
138 683
138 682
138 681
138 680
138 679
138 678
137 677
137 676
137 675
137 674
137 673
137 672
137 671
137 670
136 669
136 668
136 667
136 666
136 665
136 664
136 663
136 662
136 661
136 660
135 659
135 658
135 657
135 656
135 655
135 654
135 653
135 652
135 651
135 650
134 649
134 648
134 647
134 646
134 645
134 644
134 643
134 642
134 641
134 640
134 639
133 638
133 637
133 636
133 635
133 634
133 633
133 632
133 631
133 630
132 629
132 628
132 627
132 626
132 625
132 624
132 623
132 622
132 621
132 620
132 619
131 618
131 617
131 616
131 615
131 614
131 613
131 612
131 611
131 610
131 609
130 608
130 607
130 606
130 605
130 604
130 603
130 602
130 601
129 600
129 599
129 598
129 597
129 596
129 595
129 594
129 593
129 592
129 591
128 590
128 589
128 588
128 587
128 586
128 585
128 584
128 583
128 582
127 581
127 580
127 579
127 578
127 577
127 576
127 575
127 574
127 573
127 572
126 571
126 570
126 569
126 568
126 567
126 566
126 565
126 564
126 563
126 562
125 561
125 560
125 559
125 558
125 557
125 556
125 555
125 554
125 553
125 552
124 551
124 550
124 549
124 548
124 547
124 546
124 545
124 544
124 543
124 542
123 541
123 540
123 539
123 538
123 537
123 536
123 535
123 534
123 533
123 532
122 531
122 530
122 529
122 528
122 527
122 526
122 525
122 524
122 523
122 522
121 521
121 520
121 519
121 518
121 517
121 516
121 515
121 514
121 513
120 512
120 511
120 510
120 509
120 508
120 507
120 506
120 505
120 504
119 503
119 502
119 501
119 500
119 499
119 498
119 497
119 496
119 495
119 494
119 493
118 492
118 491
118 490
118 489
118 488
118 487
118 486
118 485
118 484
117 483
117 482
117 481
117 480
117 479
117 478
117 477
117 476
117 475
117 474
116 473
116 472
116 471
116 470
116 469
116 468
116 467
116 466
116 465
115 464
115 463
115 462
115 461
115 460
115 459
115 458
115 457
115 456
115 455
115 454
114 453
114 452
114 451
114 450
114 449
114 448
114 447
114 446
114 445
113 444
113 443
113 442
113 441
113 440
113 439
113 438
113 437
113 436
113 435
112 434
112 433
112 432
112 431
112 430
112 429
112 428
112 427
112 426
112 425
111 424
111 423
111 422
111 421
111 420
111 419
111 418
111 417
111 416
111 415
111 414
110 413
110 412
110 411
110 410
110 409
110 408
110 407
110 406
110 405
110 404
109 403
109 402
109 401
109 400
109 399
109 398
109 397
109 396
109 395
109 394
109 393
108 392
108 391
108 390
108 389
108 388
108 387
108 386
108 385
108 384
107 383
107 382
107 381
107 380
107 379
107 378
107 377
107 376
107 375
107 374
107 373
107 372
106 371
106 370
106 369
106 368

