1357  1724
1358  1724
1359  1724
1360  1724
1361  1724
1362  1724
1363  1724
1364  1724
1365  1724
1366  1724
1367  1724
1368  1725
1369  1725
1370  1726
1371  1726
1372  1726
1373  1727
1374  1728
1375  1729
1376  1730
1377  1731
1378  1732
1379  1733
1380  1734
1380  1735
1381  1736
1381  1737
1381  1738
1382  1739
1382  1740
1382  1741
1382  1742
1383  1743
1383  1744
1383  1745
1383  1746
1383  1747
1383  1748
1384  1749
1384  1750
1384  1751
1384  1752
1385  1753
1385  1754
1386  1755
1387  1756
1388  1757
1389  1758
1390  1759
1391  1759
1392  1759
1393  1760
1394  1760
1395  1760
1396  1760
1397  1760
1398  1760
1399  1760
1400  1760
1401  1760
1402  1759
1403  1759
1404  1758
1405  1758
1406  1757
1407  1757
1408  1756
1409  1755
1410  1755
1411  1754
1412  1753
1413  1753
1414  1752
1415  1751
1416  1751
1417  1750
1418  1749
1419  1749
1420  1748
1421  1747
1422  1747
1423  1746
1424  1745
1425  1745
1426  1744
1427  1744
1428  1743
1429  1742
1430  1742
1431  1741
1432  1741
1433  1740
1434  1739
1435  1739
1436  1738
1437  1738
1438  1737
1439  1737
1440  1736
1441  1735
1442  1735
1443  1734
1444  1734
1445  1733
1446  1733
1447  1732
1448  1731
1449  1731
1450  1730
1451  1730
1452  1731
1453  1732
1454  1733
1454  1734
1455  1735
1455  1736
1456  1737
1456  1738
1457  1739
1458  1740
1458  1741
1458  1742
1459  1743
1460  1744
1460  1745
1461  1746
1461  1747
1462  1748
1462  1749
1463  1750
1463  1751
1464  1752
1465  1753
1465  1754
1466  1755
1466  1756
1467  1757
1468  1758
1469  1759
1469  1760
1469  1761
1470  1762
1470  1763
1471  1764
1471  1765
1472  1766
1472  1767
1473  1768
1473  1769
1474  1770
1475  1771
1475  1772
1476  1773
1476  1774
1477  1775
1478  1776
1478  1777
1479  1778
1479  1779
1480  1780
1480  1781
1481  1782
1482  1783
1482  1784
1483  1785
1483  1786
1484  1787
1484  1788
1485  1789
1485  1790
1486  1791
1487  1792
1487  1793
1488  1794
1488  1795
1489  1796
1489  1797
1490  1798
1491  1799
1491  1800
1492  1801
1492  1802
1493  1803
1494  1804
1494  1805
1495  1806
1495  1807
1496  1808
1496  1809
1497  1810
1498  1811
1498  1812
1499  1813
1499  1814
1500  1815
1500  1816
1501  1817
1502  1818
1502  1819
1503  1820
1503  1821
1504  1822
1505  1823
1505  1824
1506  1825
1506  1826
1507  1827
1507  1828
1508  1829
1508  1830
1509  1831
1510  1832
1510  1833
1511  1834
1511  1835
1512  1836
1512  1837
1513  1838
1514  1839
1514  1840
1515  1841
1515  1842
1516  1843
1517  1844
1517  1845
1518  1846
1518  1847
1519  1848
1519  1849
1520  1850
1520  1851
1521  1852
1522  1853
1522  1854
1522  1855
1522  1856
1522  1857
1521  1858
1520  1859
1519  1860
1518  1861
1517  1862
1516  1862
1515  1863
1514  1863
1513  1864
1512  1865
1511  1865
1510  1866
1509  1866
1508  1867
1507  1867
1506  1868
1505  1869
1504  1869
1503  1870
1502  1870
1501  1871
1500  1871
1499  1872
1498  1873
1497  1873
1496  1874
1495  1874
1494  1875
1493  1876
1492  1876
1491  1877
1490  1878
1489  1878
1488  1879
1487  1879
1486  1880
1485  1880
1484  1881
1483  1882
1482  1882
1481  1883
1480  1884
1479  1885
1478  1886
1477  1887
1476  1888
1476  1889
1475  1890
1475  1891
1474  1892
1474  1893
1473  1894
1473  1895
1473  1896
1473  1897
1473  1898
1473  1899
1473  1900
1473  1901
1473  1902
1474  1903
1474  1904
1475  1905
1475  1906
1476  1907
1477  1908
1478  1909
1479  1910
1480  1910
1481  1911
1482  1912
1483  1913
1484  1914
1485  1915
1485  1916
1486  1917
1487  1918
1487  1919
1488  1920
1488  1921
1488  1922
1488  1923
1488  1924
1488  1925
1488  1926
1488  1927
1488  1928
1488  1929
1488  1930
1488  1931
1487  1932
1487  1933
1486  1934
1486  1935
1486  1936
1485  1937
1485  1938
1484  1939
1483  1940
1482  1941
1482  1942
1481  1943
1480  1944
1479  1945
1478  1946
1477  1947
1476  1948
1475  1949
1474  1950
1473  1951
1472  1952
1471  1952
1470  1953
1469  1954
1468  1954
1467  1955
1466  1955
1465  1956
1464  1956
1463  1956
1462  1957
1461  1957
1460  1957
1459  1957
1458  1958
1457  1958
1456  1958
1455  1958
1454  1958
1453  1958
1452  1958
1451  1958
1450  1958
1449  1957
1448  1957
1447  1957
1446  1956
1445  1956
1444  1955
1443  1955
1442  1954
1441  1953
1440  1952
1439  1951
1438  1950
1438  1949
1437  1948
1437  1947
1436  1946
1436  1945
1436  1944
1435  1943
1435  1942
1435  1941
1435  1940
1434  1939
1434  1938
1434  1937
1433  1936
1433  1935
1433  1934
1432  1933
1432  1932
1431  1931
1431  1930
1430  1929
1430  1928
1429  1927
1428  1926
1427  1925
1426  1924
1425  1924
1424  1923
1423  1923
1422  1923
1421  1922
1420  1922
1419  1922
1418  1922
1417  1922
1416  1922
1415  1922
1414  1923
1413  1923
1412  1923
1411  1924
1410  1924
1409  1924
1408  1925
1407  1925
1406  1926
1405  1926
1404  1927
1403  1927
1402  1928
1401  1928
1400  1929
1399  1930
1398  1931
1397  1931
1396  1932
1395  1932
1394  1933
1393  1934
1392  1934
1391  1935
1390  1936
1389  1937
1388  1937
1387  1938
1386  1939
1385  1940
1384  1941
1383  1942
1382  1943
1381  1944
1380  1945
1379  1946
1378  1947
1377  1948
1377  1949
1376  1950
1375  1951
1374  1952
1373  1953
1372  1954
1371  1955
1371  1956
1370  1957
1369  1958
1368  1959
1368  1960
1367  1961
1366  1962
1365  1963
1365  1964
1364  1965
1363  1966
1363  1967
1362  1968
1361  1969
1360  1970
1359  1971
1358  1972
1357  1973
1356  1974
1355  1974
1354  1975
1353  1975
1352  1975
1351  1974
1350  1974
1349  1974
1348  1973
1347  1973
1346  1972
1345  1972
1344  1971
1343  1971
1342  1970
1341  1970
1340  1969
1339  1969
1338  1968
1337  1968
1336  1968
1335  1967
1334  1966
1333  1966
1332  1965
1331  1965
1330  1964
1329  1963
1328  1962
1327  1961
1326  1960
1325  1959
1324  1958
1323  1957
1322  1956
1322  1955
1321  1954
1320  1953
1319  1952
1319  1951
1318  1950
1317  1949
1317  1948
1316  1947
1316  1946
1316  1945
1315  1944
1315  1943
1315  1942
1314  1941
1314  1940
1314  1939
1313  1938
1313  1937
1313  1936
1313  1935
1312  1934
1312  1933
1312  1932
1312  1931
1313  1930
1313  1929
1313  1928
1313  1927
1314  1926
1315  1925
1315  1924
1316  1923
1317  1922
1318  1921
1319  1920
1320  1919
1321  1918
1322  1917
1323  1917
1324  1917
1325  1917
1326  1916
1327  1916
1328  1916
1329  1916
1330  1915
1331  1915
1332  1915
1333  1914
1334  1914
1335  1914
1336  1913
1337  1913
1338  1913
1339  1912
1340  1912
1341  1911
1342  1910
1343  1910
1344  1909
1345  1908
1346  1907
1347  1906
1347  1905
1347  1904
1348  1903
1348  1902
1348  1901
1348  1900
1348  1899
1348  1898
1349  1897
1349  1896
1349  1895
1349  1894
1349  1893
1349  1892
1348  1891
1348  1890
1348  1889
1348  1888
1348  1887
1348  1886
1348  1885
1347  1884
1346  1883
1346  1882
1345  1881
1344  1880
1344  1879
1343  1878
1342  1877
1341  1876
1340  1875
1339  1874
1338  1873
1337  1872
1336  1871
1335  1870
1334  1869
1333  1869
1332  1868
1331  1868
1330  1867
1329  1867
1328  1867
1327  1866
1326  1866
1325  1866
1324  1866
1323  1866
1322  1866
1321  1866
1320  1866
1319  1866
1318  1866
1317  1866
1316  1867
1315  1867
1314  1868
1313  1868
1312  1869
1311  1870
1310  1871
1309  1872
1308  1873
1307  1874
1306  1875
1305  1876
1304  1877
1303  1878
1302  1879
1301  1880
1300  1881
1299  1882
1298  1883
1297  1883
1296  1883
1295  1883
1294  1884
1293  1884
1292  1884
1291  1883
1290  1883
1289  1883
1288  1882
1287  1881
1286  1880
1285  1879
1284  1878
1283  1877
1282  1876
1282  1875
1281  1874
1281  1873
1280  1872
1280  1871
1279  1870
1279  1869
1279  1868
1278  1867
1278  1866
1278  1865
1277  1864
1277  1863
1276  1862
1276  1861
1276  1860
1276  1859
1275  1858
1275  1857
1275  1856
1275  1855
1274  1854
1274  1853
1274  1852
1274  1851
1274  1850
1273  1849
1273  1848
1273  1847
1273  1846
1273  1845
1272  1844
1272  1843
1272  1842
1272  1841
1272  1840
1272  1839
1272  1838
1272  1837
1272  1836
1272  1835
1272  1834
1272  1833
1272  1832
1272  1831
1272  1830
1272  1829
1272  1828
1272  1827
1271  1826
1271  1825
1271  1824
1271  1823
1271  1822
1271  1821
1271  1820
1271  1819
1271  1818
1271  1817
1271  1816
1271  1815
1271  1814
1271  1813
1271  1812
1271  1811
1272  1810
1273  1809
1274  1808
1275  1808
1276  1808
1277  1808
1278  1808
1279  1808
1280  1807
1281  1807
1282  1807
1283  1807
1284  1807
1285  1807
1286  1807
1287  1806
1288  1806
1289  1806
1290  1806
1291  1806
1292  1806
1293  1806
1294  1805
1295  1805
1296  1805
1297  1805
1298  1805
1299  1805
1300  1805
1301  1804
1302  1804
1303  1804
1304  1804
1305  1804
1306  1804
1307  1803
1308  1803
1309  1803
1310  1803
1311  1803
1312  1802
1313  1802
1314  1802
1315  1802
1316  1802
1317  1802
1318  1801
1319  1801
1320  1801
1321  1801
1322  1800
1323  1800
1324  1800
1325  1799
1326  1799
1327  1799
1328  1799
1329  1798
1330  1798
1331  1798
1332  1797
1333  1797
1334  1796
1335  1796
1336  1795
1337  1795
1338  1794
1339  1793
1340  1792
1341  1791
1342  1790
1343  1789
1343  1788
1343  1787
1343  1786
1343  1785
1343  1784
1343  1783
1342  1782
1342  1781
1341  1780
1341  1779
1340  1778
1339  1777
1338  1776
1337  1775
1336  1774
1335  1773
1334  1772
1333  1771
1332  1770
1331  1769
1330  1768
1329  1767
1328  1766
1328  1765
1327  1764
1327  1763
1327  1762
1327  1761
1326  1760
1326  1759
1326  1758
1326  1757
1326  1756
1326  1755
1326  1754
1326  1753
1326  1752
1326  1751
1327  1750
1327  1749
1327  1748
1328  1747
1328  1746
1329  1745
1330  1744
1330  1743
1331  1742
1331  1741
1332  1740
1333  1739
1334  1738
1335  1737
1336  1736
1337  1735
1338  1734
1339  1733
1340  1732
1341  1731
1342  1731
1343  1730
1344  1729
1345  1729
1346  1728
1347  1728
1348  1727
1349  1727
1350  1726
1351  1726
1352  1726
1353  1725
1354  1725
1355  1725
1356  1725
1356  1725
