793 404
794 403
795 403
796 402
797 402
798 401
799 401
800 400
801 400
801 400
802 399
803 399
804 400
804 401
804 402
804 403
804 404
804 405
804 406
804 407
804 408
803 409
803 410
803 411
803 412
803 413
803 414
803 415
802 416
802 417
802 418
802 419
802 420
802 421
802 422
801 423
801 424
801 425
801 426
801 427
801 428
801 429
800 430
800 431
800 432
800 433
800 434
800 435
800 436
799 437
799 438
799 439
799 440
799 441
799 442
799 443
799 444
799 445
798 446
798 447
798 448
798 449
798 450
798 451
798 452
798 453
798 454
797 455
797 456
797 457
797 458
797 459
797 460
797 461
797 462
797 463
796 464
796 465
796 466
796 467
796 468
796 469
796 470
796 471
796 472
795 473
795 474
795 475
795 476
795 477
795 478
795 479
795 480
795 481
795 482
794 483
794 484
794 485
794 486
794 487
794 488
794 489
794 490
794 491
794 492
794 493
793 494
793 495
793 496
793 497
793 498
793 499
793 500
793 501
793 502
793 503
793 504
792 505
792 506
792 507
792 508
792 509
792 510
792 511
792 512
792 513
792 514
792 515
792 516
791 517
791 518
791 519
791 520
791 521
791 522
791 523
791 524
791 525
791 526
791 527
791 528
790 529
790 530
790 531
790 532
790 533
790 534
790 535
790 536
790 537
790 538
790 539
790 540
790 541
790 542
790 543
790 544
790 545
790 546
790 547
790 548
790 549
790 550
789 551
789 552
789 553
789 554
789 555
789 556
789 557
789 558
789 559
789 560
789 561
789 562
789 563
789 564
789 565
789 566
789 567
789 568
789 569
789 570
789 571
789 572
789 573
789 574
789 575
789 576
789 577
789 578
789 579
789 580
790 581
790 582
790 583
790 584
790 585
790 586
790 587
790 588
790 589
790 590
790 591
790 592
790 593
790 594
790 595
790 596
790 597
790 598
790 599
790 600
790 601
790 602
790 603
790 604
790 605
790 606
790 607
790 608
790 609
790 610
790 611
790 612
791 613
791 614
791 615
791 616
791 617
791 618
791 619
791 620
791 621
791 622
791 623
791 624
791 625
792 626
792 627
792 628
792 629
792 630
792 631
793 632
793 633
793 634
793 635
793 636
793 637
793 638
794 639
794 640
794 641
794 642
794 643
794 644
795 645
795 646
795 647
795 648
795 649
795 650
796 651
796 652
796 653
796 654
796 655
797 656
797 657
797 658
797 659
798 660
798 661
798 662
798 663
798 664
799 665
799 666
799 667
800 668
800 669
800 670
800 671
801 672
801 673
801 674
801 675
802 676
802 677
802 678
803 679
803 680
803 681
804 682
804 683
804 684
805 685
805 686
805 687
806 688
806 689
807 690
807 691
807 692
808 693
808 694
808 695
809 696
809 697
809 698
810 699
810 700
811 701
811 702
811 703
812 704
812 705
813 706
813 707
814 708
814 709
815 710
815 711
816 712
816 713
817 714
817 715
816 716
815 716
814 717
813 717
812 717
811 717
810 717
809 716
808 716
807 716
806 716
805 715
804 715
803 715
802 715
801 714
800 714
799 714
798 714
797 713
796 713
795 713
794 713
793 713
792 712
791 712
790 712
789 712
788 711
787 711
786 711
785 710
784 710
783 710
782 710
781 709
780 709
779 709
778 708
777 708
776 708
775 708
774 707
773 707
772 707
771 706
770 706
769 706
768 706
767 705
766 705
765 705
764 704
763 704
762 704
761 703
760 703
759 703
758 703
757 702
756 702
755 702
754 701
753 701
752 701
751 700
750 700
749 700
748 699
747 699
746 699
745 698
744 698
743 698
742 697
741 697
740 697
739 696
738 696
737 696
736 695
735 695
734 695
733 694
732 694
731 693
730 693
729 693
728 692
727 692
726 692
725 691
724 691
723 690
722 690
721 690
720 689
719 689
718 689
717 688
716 688
715 687
714 687
713 687
712 686
711 686
710 685
709 685
708 685
707 684
706 684
705 683
704 683
703 682
702 682
701 681
700 681
699 680
698 680
697 679
696 679
695 678
694 677
693 676
692 676
691 675
690 674
689 674
688 673
687 672
686 671
685 671
684 670
683 669
682 668
681 667
680 666
679 666
678 665
677 664
676 663
675 662
674 662
673 661
672 660
671 659
670 658
669 657
668 656
667 655
666 654
665 653
664 652
663 651
662 650
661 649
660 648
659 647
658 646
657 645
656 644
655 643
654 642
653 641
653 640
652 639
651 638
650 637
649 636
648 635
647 634
646 633
646 632
645 631
644 630
643 629
642 628
641 627
640 626
640 625
639 624
638 623
637 622
636 621
635 620
635 619
634 618
633 617
632 616
632 615
631 614
630 613
629 612
629 611
628 610
627 609
627 608
626 607
625 606
625 605
624 604
623 603
623 602
622 601
621 600
621 599
620 598
619 597
619 596
618 595
617 594
617 593
616 592
615 591
615 590
614 589
613 588
613 587
612 586
612 585
611 584
610 583
610 582
609 581
609 580
608 579
607 578
607 577
606 576
606 575
605 574
605 573
604 572
604 571
603 570
603 569
602 568
601 567
601 566
600 565
600 564
599 563
599 562
598 561
598 560
597 559
597 558
596 557
596 556
595 555
595 554
594 553
594 552
593 551
593 550
592 549
592 548
592 547
591 546
591 545
590 544
590 543
589 542
589 541
589 540
588 539
588 538
587 537
587 536
587 535
586 534
586 533
585 532
585 531
585 530
584 529
584 528
583 527
583 526
583 525
582 524
583 523
584 522
585 522
586 521
587 521
588 520
589 520
590 519
591 518
592 518
593 517
594 517
595 516
596 516
597 515
598 514
599 514
600 513
601 513
602 512
603 512
604 511
605 511
606 510
607 510
608 509
609 508
610 508
611 507
612 507
613 506
614 506
615 505
616 504
617 504
618 503
619 503
620 502
621 501
622 501
623 500
624 500
625 499
626 499
627 498
628 497
629 497
630 496
631 496
632 495
633 495
634 494
635 493
636 493
637 492
638 492
639 491
640 491
641 490
642 490
643 489
644 488
645 488
646 487
647 487
648 486
649 486
650 485
651 485
652 484
653 483
654 483
655 482
656 482
657 481
658 480
659 480
660 479
661 479
662 478
663 477
664 477
665 476
666 476
667 475
668 475
669 474
670 474
671 473
672 472
673 472
674 471
675 471
676 470
677 469
678 469
679 469
680 468
681 467
682 467
683 466
684 466
685 465
686 465
687 464
688 463
689 463
690 462
691 462
692 461
693 461
694 460
695 459
696 459
697 458
698 458
699 457
700 457
701 456
702 456
703 455
704 454
705 454
706 453
707 453
708 452
709 451
710 451
711 450
712 450
713 449
714 449
715 448
716 447
717 447
718 446
719 446
720 445
721 445
722 444
723 444
724 443
725 442
726 442
727 441
728 441
729 440
730 440
731 439
732 439
733 438
734 437
735 437
736 436
737 436
738 435
739 434
740 434
741 433
742 433
743 432
744 432
745 431
746 430
747 430
748 429
749 429
750 428
751 428
752 427
753 427
754 426
755 426
756 425
757 424
758 424
759 423
760 423
761 422
762 422
763 421
764 420
765 420
766 419
767 419
768 418
769 418
770 417
771 416
772 416
773 415
774 415
775 414
776 414
777 413
778 412
779 412
780 411
781 411
782 410
783 409
784 409
785 408
786 408
787 407
788 407
789 406
790 406
791 405
792 405

