550 887
551 887
552 887
553 886
554 886
555 885
556 885
557 885
558 884
558 884
559 883
560 883
561 883
562 883
563 883
564 883
565 883
566 883
567 883
568 883
569 884
570 885
571 886
572 887
572 888
573 889
573 890
574 891
575 892
576 893
576 894
577 895
577 896
578 897
578 898
579 899
579 900
580 901
581 902
582 903
583 904
583 905
584 906
585 907
586 908
587 909
588 910
588 911
589 912
590 913
590 914
591 915
592 916
593 917
594 918
595 919
596 920
597 921
598 922
599 923
600 924
601 925
602 926
603 927
604 928
605 929
606 930
607 931
608 932
609 933
610 934
611 935
612 936
613 937
614 938
615 939
616 939
617 940
618 941
619 942
620 943
621 944
622 945
623 945
624 946
625 947
626 948
627 949
628 950
629 951
630 952
631 952
632 953
633 954
634 955
635 956
636 957
637 957
638 958
639 959
640 959
641 959
642 960
643 961
644 961
645 961
646 962
647 963
648 963
649 964
650 964
651 965
652 965
653 965
654 966
655 967
656 967
657 967
658 968
659 969
660 969
661 969
662 970
663 971
664 971
665 971
666 972
667 973
668 973
669 973
670 974
671 974
672 975
673 975
674 975
675 975
676 976
677 977
678 977
679 977
680 978
681 978
682 978
683 979
684 979
685 979
686 979
687 980
688 980
689 981
690 981
691 981
692 982
693 982
694 983
695 983
696 983
697 984
698 984
699 985
700 985
701 985
702 986
703 986
704 987
705 987
706 987
707 987
708 987
709 988
710 988
711 988
712 989
713 989
714 989
715 989
716 990
717 990
718 990
719 990
720 991
721 991
722 991
723 991
724 991
725 992
726 992
727 992
728 993
729 993
730 993
731 993
732 994
733 994
734 994
735 994
736 994
737 995
738 995
739 995
740 995
741 995
742 995
743 996
744 996
745 996
746 996
747 997
748 997
749 997
750 997
751 997
752 997
753 997
754 998
755 998
756 998
757 998
758 998
759 999
760 999
761 999
762 999
763 999
764 999
765 999
766 1000
767 1000
768 1000
769 1000
770 1000
771 1001
772 1001
773 1001
774 1001
775 1001
776 1001
777 1001
778 1001
779 1001
780 1001
781 1002
782 1002
783 1002
784 1002
785 1002
786 1002
787 1002
788 1002
789 1002
790 1002
791 1003
792 1003
793 1003
794 1003
795 1003
796 1003
797 1003
798 1003
799 1003
800 1003
801 1003
802 1003
803 1003
804 1003
805 1004
806 1004
807 1004
808 1004
809 1004
810 1004
811 1004
812 1004
813 1004
814 1005
815 1005
816 1005
817 1005
818 1005
819 1005
820 1005
821 1005
822 1005
823 1004
824 1004
825 1004
826 1004
827 1004
828 1004
829 1004
830 1004
831 1004
832 1004
833 1004
834 1004
835 1004
836 1004
837 1004
838 1004
839 1004
840 1004
841 1004
842 1004
843 1004
844 1004
845 1004
846 1004
847 1004
848 1004
849 1004
850 1004
851 1004
852 1004
853 1004
854 1004
855 1004
856 1004
857 1003
858 1003
859 1003
860 1003
861 1003
862 1003
863 1003
864 1003
865 1003
866 1003
867 1003
868 1003
869 1003
870 1003
871 1003
872 1003
873 1003
874 1003
875 1003
876 1003
877 1003
878 1003
879 1003
880 1003
881 1003
882 1003
883 1003
884 1003
885 1003
886 1003
887 1003
888 1003
889 1002
890 1002
891 1002
892 1002
893 1002
894 1002
895 1002
896 1002
897 1001
898 1001
899 1001
900 1001
901 1001
902 1001
903 1001
904 1001
905 1001
906 1000
907 1000
908 1000
909 1000
910 1000
911 999
912 999
913 999
914 999
915 999
916 999
917 999
918 999
919 998
920 998
921 998
922 998
923 998
924 997
925 997
926 997
927 997
928 997
929 997
930 996
931 996
932 996
933 996
934 995
935 995
936 995
937 995
938 995
939 995
940 994
941 994
942 994
943 994
944 993
945 993
946 993
947 993
948 993
949 992
950 992
951 992
952 992
953 992
954 991
955 991
956 991
957 991
958 991
959 990
960 990
961 989
962 989
963 989
964 989
965 989
966 988
967 988
968 987
969 987
970 987
971 987
972 986
973 986
974 986
975 985
976 985
977 985
978 985
979 984
980 984
981 984
982 983
983 983
984 983
985 983
986 982
987 982
988 982
989 981
990 981
991 981
992 980
993 980
994 979
995 979
996 979
997 979
998 978
999 977
1000 977
1001 977
1002 977
1003 976
1004 976
1005 975
1006 975
1007 975
1008 975
1009 974
1010 974
1011 973
1012 973
1013 973
1014 972
1015 972
1016 971
1017 971
1018 970
1019 970
1020 969
1021 969
1022 969
1023 968
1024 967
1025 967
1026 967
1027 966
1028 966
1029 965
1030 965
1031 965
1032 964
1033 964
1034 963
1035 963
1036 962
1037 962
1038 961
1039 961
1040 961
1041 960
1042 959
1043 959
1044 959
1045 958
1046 958
1047 957
1048 957
1049 956
1050 956
1051 955
1052 955
1053 954
1054 954
1055 953
1056 953
1057 953
1058 952
1059 951
1060 951
1061 951
1062 950
1063 949
1064 949
1065 949
1066 948
1067 947
1068 947
1069 946
1070 945
1071 945
1072 945
1073 944
1074 943
1075 943
1076 943
1077 943
1078 943
1079 943
1080 943
1081 943
1082 943
1083 943
1084 943
1085 944
1085 945
1085 946
1085 947
1085 948
1085 949
1086 950
1086 951
1086 952
1086 953
1086 954
1086 955
1086 956
1086 957
1087 958
1087 959
1087 960
1087 961
1087 962
1087 963
1087 964
1088 965
1088 966
1088 967
1088 968
1088 969
1088 970
1088 971
1089 972
1089 973
1089 974
1089 975
1089 976
1089 977
1089 978
1090 979
1090 980
1090 981
1090 982
1090 983
1090 984
1090 985
1090 986
1090 987
1091 988
1091 989
1091 990
1091 991
1091 992
1091 993
1091 994
1091 995
1091 996
1091 997
1091 998
1092 999
1092 1000
1092 1001
1092 1002
1092 1003
1092 1004
1092 1005
1092 1006
1092 1007
1092 1008
1092 1009
1092 1010
1092 1011
1093 1012
1093 1013
1093 1014
1093 1015
1093 1016
1093 1017
1093 1018
1093 1019
1093 1020
1093 1021
1093 1022
1093 1023
1093 1024
1093 1025
1093 1026
1093 1027
1094 1028
1094 1029
1094 1030
1094 1031
1094 1032
1094 1033
1094 1034
1094 1035
1094 1036
1094 1037
1094 1038
1094 1039
1094 1040
1094 1041
1094 1042
1094 1043
1094 1044
1094 1045
1094 1046
1094 1047
1094 1048
1094 1049
1094 1050
1094 1051
1094 1052
1094 1053
1094 1054
1094 1055
1094 1056
1094 1057
1095 1058
1095 1059
1095 1060
1095 1061
1095 1062
1095 1063
1095 1064
1095 1065
1095 1066
1095 1067
1095 1068
1095 1069
1095 1070
1095 1071
1095 1072
1095 1073
1095 1074
1095 1075
1095 1076
1095 1077
1095 1078
1095 1079
1095 1080
1095 1081
1095 1082
1095 1083
1095 1084
1095 1085
1095 1086
1095 1087
1095 1088
1095 1089
1095 1090
1095 1091
1095 1092
1095 1093
1095 1094
1095 1095
1095 1096
1095 1097
1095 1098
1095 1099
1095 1100
1095 1101
1095 1102
1095 1103
1095 1104
1095 1105
1095 1106
1095 1107
1095 1108
1094 1109
1094 1110
1094 1111
1094 1112
1094 1113
1094 1114
1094 1115
1094 1116
1094 1117
1094 1118
1094 1119
1094 1120
1094 1121
1094 1122
1094 1123
1094 1124
1094 1125
1094 1126
1094 1127
1094 1128
1094 1129
1094 1130
1093 1131
1092 1132
1091 1133
1090 1133
1089 1133
1088 1133
1087 1133
1086 1134
1085 1135
1084 1135
1083 1135
1082 1135
1081 1135
1080 1136
1079 1136
1078 1136
1077 1136
1076 1136
1075 1137
1074 1137
1073 1138
1072 1139
1071 1139
1070 1140
1069 1140
1068 1140
1067 1140
1066 1140
1065 1140
1064 1140
1063 1140
1062 1140
1061 1140
1060 1140
1059 1140
1058 1140
1057 1140
1056 1140
1055 1140
1054 1140
1053 1140
1052 1140
1051 1140
1050 1140
1049 1140
1048 1140
1047 1140
1046 1140
1045 1140
1044 1140
1043 1140
1042 1140
1041 1140
1040 1140
1039 1140
1038 1140
1037 1140
1036 1140
1035 1140
1034 1140
1033 1140
1032 1140
1031 1140
1030 1140
1029 1140
1028 1140
1027 1140
1026 1140
1025 1140
1024 1140
1023 1140
1022 1141
1021 1141
1020 1141
1019 1141
1018 1141
1017 1141
1016 1141
1015 1141
1014 1141
1013 1141
1012 1141
1011 1141
1010 1142
1009 1142
1008 1142
1007 1142
1006 1142
1005 1142
1004 1142
1003 1142
1002 1142
1001 1142
1000 1142
999 1142
998 1143
997 1143
996 1143
995 1143
994 1143
993 1143
992 1143
991 1143
990 1143
989 1143
988 1143
987 1143
986 1143
985 1143
984 1144
983 1144
982 1144
981 1144
980 1144
979 1144
978 1144
977 1145
976 1145
975 1145
974 1145
973 1145
972 1146
971 1146
970 1146
969 1146
968 1146
967 1146
966 1146
965 1147
964 1147
963 1147
962 1147
961 1147
960 1148
959 1148
958 1148
957 1148
956 1148
955 1148
954 1148
953 1149
952 1149
951 1150
950 1150
949 1150
948 1150
947 1150
946 1151
945 1151
944 1151
943 1152
942 1152
941 1152
940 1152
939 1152
938 1153
937 1153
936 1154
935 1154
934 1154
933 1154
932 1155
931 1155
930 1155
929 1156
928 1156
927 1156
926 1157
925 1157
924 1157
923 1158
922 1158
921 1158
920 1159
919 1160
918 1160
917 1160
916 1160
915 1160
914 1161
913 1161
912 1162
911 1162
910 1162
909 1162
908 1163
907 1163
906 1164
905 1164
904 1165
903 1165
902 1166
901 1166
900 1166
899 1167
898 1167
897 1168
896 1168
895 1168
894 1169
893 1169
892 1170
891 1170
890 1170
889 1171
888 1172
887 1172
886 1172
885 1172
884 1173
883 1173
882 1174
881 1174
880 1175
879 1175
878 1176
877 1176
876 1176
875 1177
874 1178
873 1178
872 1178
871 1179
870 1180
869 1180
868 1180
867 1181
866 1182
865 1182
864 1183
863 1183
862 1184
861 1184
860 1185
859 1185
858 1186
857 1186
856 1187
855 1187
854 1188
853 1188
852 1189
851 1190
850 1190
849 1190
848 1191
847 1191
846 1192
845 1192
844 1193
843 1194
842 1194
841 1195
840 1195
839 1196
838 1196
837 1197
836 1198
835 1198
834 1199
833 1199
832 1200
831 1201
830 1201
829 1202
828 1203
827 1203
826 1204
825 1205
824 1205
823 1206
822 1206
821 1207
820 1208
819 1208
818 1209
817 1210
816 1210
815 1211
814 1212
813 1212
812 1213
811 1214
810 1214
809 1215
808 1216
807 1216
806 1217
805 1218
804 1219
803 1220
802 1220
801 1221
800 1222
799 1222
798 1223
797 1223
796 1224
795 1225
794 1226
793 1226
792 1227
791 1228
790 1228
789 1229
788 1230
787 1231
786 1232
785 1232
784 1233
783 1234
782 1234
781 1235
780 1236
779 1237
778 1238
777 1239
776 1240
775 1241
774 1242
773 1243
772 1244
771 1244
770 1244
769 1245
768 1245
767 1246
766 1247
765 1248
764 1248
763 1249
762 1250
761 1250
760 1251
759 1252
758 1252
757 1253
756 1254
755 1254
754 1254
753 1255
752 1256
751 1256
750 1257
749 1258
748 1259
748 1260
747 1261
746 1261
745 1261
744 1261
743 1262
742 1263
741 1263
740 1264
739 1264
738 1265
737 1266
736 1266
735 1267
734 1268
733 1268
732 1269
731 1270
730 1270
729 1271
728 1272
727 1272
726 1273
725 1273
724 1274
723 1275
722 1276
721 1276
720 1276
719 1277
718 1278
717 1278
716 1278
715 1279
714 1280
713 1280
712 1281
711 1282
710 1282
709 1283
708 1283
707 1283
706 1284
705 1285
704 1285
703 1286
702 1286
701 1287
700 1287
699 1287
698 1288
697 1288
696 1289
695 1290
694 1290
693 1290
692 1291
691 1292
690 1292
689 1292
688 1293
687 1293
686 1294
685 1294
684 1295
683 1295
682 1296
681 1296
680 1297
679 1297
678 1298
677 1298
676 1299
675 1299
674 1299
673 1300
672 1300
671 1301
670 1301
669 1301
668 1302
667 1302
666 1302
665 1303
664 1303
663 1304
662 1304
661 1305
660 1305
659 1306
658 1306
657 1306
656 1307
655 1307
654 1308
653 1308
652 1308
651 1309
650 1310
649 1310
648 1310
647 1311
646 1312
645 1312
644 1312
643 1313
642 1313
641 1314
640 1314
639 1315
638 1315
637 1316
636 1316
635 1317
634 1318
633 1318
632 1318
631 1319
630 1320
629 1320
628 1320
627 1321
626 1322
625 1322
624 1322
623 1323
622 1323
621 1324
620 1325
619 1325
618 1326
617 1326
616 1326
615 1326
614 1327
613 1328
612 1328
611 1328
610 1328
609 1329
608 1330
607 1330
606 1330
605 1331
604 1331
603 1332
602 1332
601 1332
600 1333
599 1334
598 1334
597 1334
596 1335
595 1335
594 1335
593 1336
592 1336
591 1336
590 1337
589 1337
588 1338
587 1338
586 1338
585 1339
584 1339
583 1340
582 1340
581 1341
580 1341
579 1341
578 1342
577 1342
576 1343
575 1343
574 1344
573 1344
572 1345
571 1345
570 1345
569 1345
568 1346
567 1346
566 1347
565 1347
564 1347
563 1348
562 1348
561 1348
560 1349
559 1349
558 1350
557 1350
556 1350
555 1351
554 1351
553 1352
552 1352
551 1353
550 1353
549 1354
548 1354
547 1354
546 1354
545 1355
544 1355
543 1356
542 1356
541 1356
540 1356
539 1357
538 1357
537 1358
536 1358
535 1359
534 1359
533 1359
532 1360
531 1360
530 1360
529 1361
528 1361
527 1362
526 1362
525 1362
524 1363
523 1363
522 1364
521 1364
520 1364
519 1365
518 1365
517 1365
516 1366
515 1366
514 1366
513 1367
512 1367
511 1368
510 1368
509 1368
508 1368
507 1368
506 1368
505 1368
504 1368
503 1367
502 1366
501 1365
501 1364
500 1363
500 1362
499 1361
499 1360
498 1359
498 1358
497 1357
497 1356
496 1355
496 1354
495 1353
495 1352
494 1351
494 1350
493 1349
493 1348
492 1347
492 1346
491 1345
491 1344
490 1343
490 1342
489 1341
489 1340
488 1339
488 1338
487 1337
487 1336
486 1335
486 1334
485 1333
485 1332
484 1331
484 1330
483 1329
483 1328
482 1327
482 1326
481 1325
481 1324
480 1323
480 1322
479 1321
479 1320
478 1319
478 1318
477 1317
477 1316
476 1315
476 1314
475 1313
475 1312
474 1311
474 1310
473 1309
473 1308
472 1307
472 1306
471 1305
471 1304
470 1303
470 1302
469 1301
469 1300
468 1299
468 1298
467 1297
467 1296
466 1295
466 1294
465 1293
465 1292
464 1291
464 1290
463 1289
463 1288
462 1287
462 1286
461 1285
461 1284
460 1283
460 1282
459 1281
459 1280
458 1279
458 1278
457 1277
457 1276
456 1275
456 1274
456 1273
455 1272
455 1271
454 1270
454 1269
454 1268
453 1267
453 1266
452 1265
452 1264
452 1263
452 1262
451 1261
451 1260
450 1259
450 1258
450 1257
450 1256
450 1255
449 1254
449 1253
448 1252
448 1251
448 1250
448 1249
448 1248
447 1247
447 1246
446 1245
446 1244
446 1243
446 1242
445 1241
445 1240
445 1239
444 1238
444 1237
444 1236
444 1235
444 1234
443 1233
443 1232
443 1231
443 1230
442 1229
442 1228
442 1227
442 1226
442 1225
442 1224
441 1223
441 1222
441 1221
441 1220
441 1219
440 1218
440 1217
440 1216
440 1215
440 1214
439 1213
439 1212
439 1211
439 1210
439 1209
439 1208
438 1207
438 1206
438 1205
438 1204
438 1203
438 1202
438 1201
437 1200
437 1199
437 1198
437 1197
437 1196
436 1195
436 1194
436 1193
436 1192
436 1191
436 1190
436 1189
436 1188
435 1187
435 1186
435 1185
435 1184
435 1183
435 1182
435 1181
434 1180
434 1179
434 1178
434 1177
434 1176
434 1175
434 1174
433 1173
433 1172
433 1171
433 1170
433 1169
433 1168
433 1167
433 1166
432 1165
432 1164
432 1163
432 1162
432 1161
432 1160
432 1159
432 1158
432 1157
432 1156
432 1155
432 1154
432 1153
432 1152
432 1151
432 1150
432 1149
432 1148
432 1147
432 1146
432 1145
432 1144
432 1143
432 1142
432 1141
432 1140
432 1139
432 1138
432 1137
432 1136
432 1135
432 1134
432 1133
431 1132
431 1131
431 1130
431 1129
431 1128
431 1127
431 1126
431 1125
431 1124
431 1123
431 1122
431 1121
431 1120
431 1119
431 1118
431 1117
432 1116
432 1115
432 1114
432 1113
432 1112
432 1111
432 1110
432 1109
432 1108
432 1107
432 1106
432 1105
432 1104
432 1103
432 1102
432 1101
432 1100
432 1099
432 1098
432 1097
432 1096
432 1095
432 1094
432 1093
432 1092
433 1091
433 1090
433 1089
433 1088
433 1087
433 1086
433 1085
433 1084
433 1083
433 1082
433 1081
433 1080
433 1079
433 1078
433 1077
433 1076
433 1075
433 1074
433 1073
433 1072
434 1071
434 1070
434 1069
434 1068
434 1067
434 1066
434 1065
434 1064
434 1063
434 1062
434 1061
434 1060
434 1059
434 1058
434 1057
434 1056
434 1055
434 1054
434 1053
434 1052
434 1051
434 1050
434 1049
434 1048
434 1047
434 1046
434 1045
434 1044
435 1043
435 1042
435 1041
435 1040
435 1039
435 1038
435 1037
435 1036
435 1035
435 1034
435 1033
435 1032
435 1031
435 1030
435 1029
435 1028
435 1027
435 1026
435 1025
435 1024
435 1023
435 1022
435 1021
435 1020
435 1019
435 1018
435 1017
435 1016
435 1015
435 1014
435 1013
435 1012
435 1011
435 1010
435 1009
435 1008
435 1007
435 1006
435 1005
435 1004
435 1003
435 1002
435 1001
435 1000
435 999
435 998
435 997
435 996
435 995
435 994
435 993
435 992
435 991
435 990
435 989
435 988
435 987
435 986
434 985
434 984
434 983
434 982
434 981
434 980
434 979
434 978
434 977
434 976
434 975
434 974
434 973
434 972
434 971
434 970
434 969
434 968
434 967
434 966
434 965
434 964
433 963
433 962
433 961
433 960
433 959
433 958
433 957
433 956
433 955
433 954
433 953
432 952
432 951
432 950
432 949
432 948
432 947
432 946
432 945
432 944
432 943
432 942
431 941
431 940
431 939
431 938
431 937
431 936
431 935
431 934
431 933
431 932
431 931
431 930
431 929
431 928
432 927
433 927
434 926
435 926
436 926
437 925
438 925
439 925
440 925
441 925
442 925
443 924
444 924
445 923
446 923
447 923
448 923
449 923
450 922
451 922
452 922
453 921
454 921
455 921
456 921
457 921
458 920
459 920
460 919
461 919
462 919
463 919
464 919
465 918
466 918
467 917
468 917
469 917
470 917
471 917
472 916
473 916
474 916
475 915
476 915
477 915
478 915
479 914
480 914
481 913
482 913
483 913
484 913
485 912
486 912
487 912
488 911
489 911
490 911
491 910
492 910
493 909
494 909
495 909
496 908
497 908
498 908
499 907
500 907
501 907
502 907
503 906
504 906
505 905
506 905
507 905
508 905
509 904
510 904
511 904
512 904
513 903
514 903
515 903
516 902
517 901
518 901
519 901
520 901
521 900
522 899
523 899
524 899
525 898
526 897
527 897
528 897
529 897
530 896
531 896
532 895
533 895
534 895
535 894
536 894
537 893
538 893
539 893
540 892
541 892
542 891
543 891
544 890
545 890
546 889
547 889
548 888
549 888
