180  66
181  66
182  66
183  66
184  66
185  66
186  66
187  66
188  66
189  66
190  66
191  66
192  66
193  66
194  66
195  66
196  66
197  66
198  66
199  66
200  66
201  66
202  66
203  66
204  66
205  66
206  66
207  66
208  66
209  66
210  66
211  66
212  66
213  66
214  66
215  66
216  66
217  66
218  66
219  66
220  66
221  66
222  66
223  66
224  66
225  66
226  66
227  66
228  66
229  66
230  66
231  66
232  66
233  66
234  66
235  66
236  66
237  66
238  66
239  66
240  66
241  66
242  66
243  66
244  66
245  66
246  66
247  66
248  66
249  66
250  66
251  66
252  66
253  66
254  66
255  66
256  66
257  66
258  66
259  66
260  66
261  66
262  66
263  66
264  66
265  66
266  66
267  66
268  66
269  66
270  66
271  66
272  66
273  66
274  66
275  66
276  66
277  66
278  66
279  66
280  66
281  66
282  66
283  66
284  66
285  66
286  66
287  66
288  66
289  66
290  66
291  66
292  66
293  66
294  66
295  66
296  66
297  66
298  66
299  66
300  66
301  66
302  66
303  66
304  66
305  66
306  66
307  66
308  66
309  66
310  66
311  66
312  66
312  67
312  68
312  69
312  70
312  71
312  72
312  73
312  74
312  75
312  76
312  77
312  78
312  79
312  80
312  81
312  82
312  83
312  84
312  85
312  86
312  87
312  88
312  89
312  90
312  91
312  92
312  93
312  94
312  95
312  96
312  97
312  98
312  99
312  100
312  101
312  102
312  103
312  104
312  105
312  106
312  107
312  108
312  109
312  110
312  111
312  112
312  113
312  114
312  115
312  116
312  117
312  118
312  119
312  120
312  121
312  122
312  123
312  124
312  125
312  126
312  127
312  128
312  129
312  130
312  131
312  132
312  133
312  134
312  135
312  136
312  137
312  138
312  139
312  140
312  141
312  142
312  143
312  144
312  145
312  146
312  147
312  148
312  149
312  150
312  151
312  152
312  153
312  154
312  155
312  156
312  157
312  158
312  159
312  160
312  161
312  162
312  163
312  164
312  165
312  166
312  167
312  168
312  169
312  170
312  171
312  172
312  173
312  174
312  175
312  176
312  177
312  178
312  179
312  180
312  181
312  182
313  183
313  184
313  185
313  186
313  187
313  188
313  189
313  190
313  191
313  192
313  193
313  194
313  195
313  196
313  197
313  198
313  199
313  200
313  201
313  202
313  203
313  204
313  205
313  206
313  207
313  208
313  209
313  210
313  211
313  212
313  213
313  214
313  215
313  216
313  217
313  218
313  219
313  220
313  221
313  222
313  223
313  224
313  225
313  226
313  227
313  228
313  229
313  230
313  231
313  232
313  233
313  234
313  235
313  236
313  237
313  238
313  239
313  240
313  241
313  242
313  243
313  244
313  245
313  246
313  247
313  248
313  249
313  250
313  251
313  252
313  253
313  254
313  255
313  256
313  257
313  258
313  259
313  260
313  261
313  262
313  263
313  264
313  265
313  266
313  267
313  268
313  269
313  270
313  271
313  272
313  273
313  274
313  275
313  276
313  277
313  278
313  279
313  280
313  281
313  282
313  283
313  284
313  285
313  286
313  287
313  288
313  289
313  290
313  291
313  292
313  293
313  294
313  295
313  296
313  297
312  297
311  297
311  296
310  295
310  294
309  293
309  292
308  291
308  290
307  289
307  288
306  287
306  286
305  285
305  284
304  283
304  282
303  281
303  280
302  279
302  278
301  277
301  276
300  275
300  274
299  273
299  272
298  271
298  270
297  269
296  268
296  267
295  266
295  265
294  264
294  263
293  262
293  261
292  260
292  259
291  258
291  257
290  256
290  255
289  254
289  253
288  252
287  251
287  250
286  249
286  248
285  247
285  246
284  245
284  244
283  243
283  242
282  241
281  240
281  239
280  238
280  237
279  236
279  235
278  234
278  233
277  232
276  231
276  230
275  229
275  228
274  227
274  226
273  225
272  224
272  223
271  222
271  221
270  220
270  219
269  218
268  217
268  216
267  215
267  214
266  213
265  212
265  211
264  210
264  209
263  208
262  207
262  206
261  205
261  204
260  203
259  202
259  201
258  200
257  199
257  198
256  197
255  196
255  195
254  194
254  193
253  192
252  191
252  190
251  189
250  188
249  187
249  186
248  185
247  184
247  183
246  182
245  181
244  180
243  179
243  178
242  177
241  176
240  175
239  174
238  173
237  172
236  171
235  170
234  169
233  169
232  168
231  168
230  167
229  167
228  167
227  167
226  167
225  167
224  168
223  168
222  169
221  170
221  171
220  172
220  173
219  174
219  175
218  176
218  177
218  178
217  179
217  180
217  181
216  182
216  183
216  184
216  185
215  186
215  187
215  188
214  189
214  190
214  191
213  192
213  193
213  194
213  195
212  196
212  197
211  198
211  199
211  200
210  201
210  202
210  203
209  204
209  205
208  206
208  207
207  208
207  209
206  210
206  211
205  212
204  213
203  214
202  215
201  216
200  217
199  217
198  218
197  218
196  219
195  219
194  219
193  219
192  219
191  220
190  219
189  219
188  219
187  219
186  219
185  219
184  218
183  218
182  217
181  217
180  217
179  216
178  216
177  215
176  215
175  214
174  213
173  213
172  212
171  211
170  211
169  210
168  209
167  209
166  208
165  207
164  206
163  205
162  205
161  204
160  203
159  202
158  201
157  200
156  200
155  199
154  198
153  197
152  196
151  195
150  194
149  193
148  192
147  191
146  190
145  189
144  188
143  187
142  186
141  185
141  184
140  183
139  182
138  181
137  180
136  179
135  178
134  177
133  176
132  175
131  174
131  173
130  172
129  171
128  170
127  169
126  168
125  167
125  166
124  165
123  164
122  163
121  162
120  161
120  160
119  159
118  158
117  157
116  156
115  155
115  154
114  153
113  152
112  151
111  150
111  149
110  148
109  147
108  146
107  145
107  144
106  143
105  142
104  141
104  140
103  139
102  138
101  137
101  136
100  135
99  134
98  133
98  132
97  131
96  130
95  129
94  128
94  127
93  126
92  125
92  124
91  123
90  122
89  121
89  120
88  119
87  118
86  117
86  116
85  115
84  114
83  113
83  112
82  111
81  110
80  109
80  108
79  107
78  106
78  105
77  104
76  103
75  102
75  101
74  100
73  99
73  98
72  97
71  96
70  95
70  94
69  93
68  92
68  91
67  90
66  89
66  88
65  87
64  86
63  85
63  84
62  83
61  82
61  81
60  80
59  79
59  78
58  77
57  76
57  75
56  74
55  73
54  72
54  71
53  70
52  69
52  68
52  67
53  67
54  67
55  67
56  67
57  67
58  67
59  67
60  67
61  67
62  67
63  67
64  67
65  67
66  67
67  67
68  67
69  67
70  67
71  67
72  67
73  67
74  67
75  67
76  67
77  67
78  67
79  67
80  67
81  67
82  67
83  67
84  67
85  67
86  67
87  67
88  67
89  67
90  67
91  67
92  67
93  67
94  67
95  67
96  67
97  67
98  67
99  67
100  67
101  67
102  67
103  67
104  67
105  67
106  67
107  67
108  67
109  67
110  67
111  67
112  67
113  67
114  67
115  67
116  67
117  67
118  67
119  67
120  67
121  67
122  67
123  67
124  67
125  67
126  67
127  67
128  67
129  67
130  67
131  67
132  67
133  67
134  67
135  67
136  67
137  67
138  67
139  67
140  67
141  67
142  67
143  67
144  67
145  67
146  67
147  67
148  67
149  67
150  67
151  67
152  67
153  67
154  67
155  67
156  67
157  67
158  67
159  67
160  67
161  67
162  67
163  67
164  67
165  67
166  67
167  67
168  67
169  67
170  67
171  67
172  67
173  67
174  67
175  67
176  67
177  67
178  67
179  67