1015 1464
1016 1463
1017 1462
1018 1461
1018 1460
1019 1459
1020 1458
1021 1457
1022 1456
1022 1456
1023 1455
1024 1455
1025 1455
1026 1455
1027 1455
1028 1455
1029 1455
1030 1455
1031 1455
1032 1455
1033 1455
1034 1455
1035 1455
1036 1456
1037 1457
1038 1458
1038 1459
1039 1460
1040 1461
1041 1462
1041 1463
1041 1464
1042 1465
1043 1466
1043 1467
1044 1468
1045 1469
1046 1470
1046 1471
1047 1472
1047 1473
1048 1474
1049 1475
1050 1476
1050 1477
1051 1478
1051 1479
1052 1480
1053 1481
1054 1482
1054 1483
1055 1484
1056 1485
1057 1486
1057 1487
1058 1488
1058 1489
1059 1490
1060 1491
1061 1492
1062 1493
1062 1494
1063 1495
1063 1496
1064 1497
1065 1498
1066 1499
1067 1500
1068 1501
1069 1502
1069 1503
1070 1504
1071 1505
1072 1506
1073 1507
1073 1508
1074 1509
1075 1510
1076 1511
1077 1512
1078 1513
1079 1514
1079 1515
1080 1516
1081 1517
1082 1518
1082 1519
1083 1520
1084 1521
1085 1522
1085 1523
1086 1524
1087 1525
1088 1526
1089 1527
1090 1528
1090 1529
1091 1530
1092 1531
1093 1532
1093 1533
1094 1534
1095 1535
1096 1536
1097 1537
1098 1538
1098 1539
1099 1540
1100 1541
1101 1542
1102 1543
1103 1544
1103 1545
1104 1546
1105 1547
1106 1548
1106 1549
1107 1550
1108 1551
1109 1552
1110 1553
1111 1554
1112 1555
1113 1556
1114 1557
1115 1558
1115 1559
1116 1560
1117 1561
1118 1562
1119 1563
1120 1564
1121 1565
1122 1566
1123 1567
1123 1568
1124 1569
1125 1570
1126 1571
1127 1572
1128 1573
1129 1574
1130 1575
1131 1576
1132 1577
1133 1578
1134 1579
1135 1580
1136 1581
1137 1582
1138 1583
1139 1584
1140 1585
1141 1586
1142 1587
1143 1588
1144 1589
1145 1590
1146 1591
1147 1592
1148 1592
1149 1593
1150 1593
1151 1594
1152 1595
1153 1596
1154 1597
1155 1598
1156 1598
1157 1599
1158 1600
1159 1601
1160 1602
1161 1603
1162 1604
1163 1605
1164 1606
1165 1607
1166 1607
1167 1608
1168 1609
1169 1610
1170 1611
1171 1612
1172 1613
1173 1613
1174 1614
1175 1615
1176 1616
1177 1616
1178 1617
1179 1618
1180 1619
1181 1620
1182 1620
1183 1621
1184 1622
1185 1623
1186 1623
1187 1624
1188 1625
1189 1626
1190 1627
1191 1628
1192 1628
1193 1629
1194 1630
1195 1631
1196 1631
1197 1632
1198 1633
1199 1634
1200 1634
1201 1635
1202 1636
1203 1637
1204 1638
1205 1638
1206 1639
1207 1640
1208 1641
1209 1641
1210 1642
1211 1643
1212 1643
1213 1644
1214 1645
1215 1645
1216 1646
1217 1647
1218 1647
1219 1648
1220 1649
1221 1649
1222 1650
1223 1651
1224 1652
1225 1652
1226 1653
1227 1653
1228 1653
1229 1653
1230 1653
1231 1654
1231 1655
1232 1656
1233 1657
1234 1658
1235 1658
1236 1659
1237 1660
1238 1660
1239 1661
1240 1662
1241 1662
1242 1663
1243 1664
1244 1664
1245 1665
1246 1666
1247 1666
1248 1667
1249 1668
1250 1668
1251 1669
1252 1670
1253 1670
1254 1671
1255 1672
1256 1673
1257 1673
1258 1674
1259 1674
1260 1674
1261 1675
1262 1676
1263 1676
1264 1677
1265 1677
1266 1678
1267 1679
1268 1680
1269 1680
1270 1681
1271 1681
1272 1682
1273 1682
1274 1683
1275 1683
1276 1684
1277 1685
1278 1685
1279 1685
1280 1686
1281 1686
1282 1687
1283 1688
1284 1688
1285 1689
1286 1689
1287 1690
1288 1690
1289 1690
1290 1691
1291 1691
1292 1691
1293 1692
1294 1693
1295 1693
1296 1694
1297 1694
1298 1695
1299 1695
1300 1695
1301 1696
1302 1696
1303 1696
1304 1697
1305 1697
1306 1698
1307 1698
1308 1698
1309 1699
1310 1699
1311 1700
1312 1700
1313 1700
1314 1701
1315 1701
1316 1702
1317 1702
1318 1702
1319 1703
1320 1703
1321 1703
1322 1704
1323 1704
1324 1705
1325 1705
1326 1706
1327 1706
1328 1706
1329 1706
1330 1707
1331 1707
1332 1708
1333 1708
1334 1708
1335 1709
1336 1709
1337 1709
1338 1710
1339 1710
1340 1710
1341 1711
1342 1711
1343 1712
1344 1712
1345 1712
1346 1713
1347 1713
1348 1713
1349 1714
1350 1714
1351 1715
1352 1715
1353 1715
1354 1715
1355 1716
1356 1716
1357 1716
1358 1716
1359 1717
1360 1717
1361 1717
1362 1718
1363 1718
1364 1718
1365 1718
1366 1719
1367 1719
1368 1719
1369 1720
1370 1720
1371 1720
1372 1721
1373 1721
1374 1721
1375 1721
1376 1721
1377 1722
1378 1722
1379 1722
1380 1722
1381 1723
1382 1723
1383 1723
1384 1723
1385 1723
1386 1723
1387 1723
1388 1724
1389 1724
1390 1724
1391 1724
1392 1724
1393 1724
1394 1725
1395 1725
1396 1725
1397 1725
1398 1725
1399 1725
1400 1726
1401 1726
1402 1726
1403 1726
1404 1726
1405 1727
1406 1727
1407 1727
1408 1727
1409 1727
1410 1727
1411 1727
1412 1728
1413 1728
1414 1728
1415 1728
1416 1728
1417 1729
1418 1729
1419 1729
1420 1729
1421 1729
1422 1730
1423 1730
1424 1730
1425 1730
1426 1730
1427 1730
1428 1730
1429 1730
1430 1731
1431 1731
1432 1731
1433 1731
1434 1731
1435 1732
1436 1732
1437 1732
1438 1732
1439 1732
1440 1732
1441 1732
1442 1732
1443 1732
1444 1732
1445 1732
1446 1732
1447 1732
1448 1733
1449 1733
1450 1733
1451 1733
1452 1733
1453 1733
1454 1733
1455 1734
1456 1735
1457 1736
1458 1736
1459 1736
1460 1736
1461 1737
1462 1737
1463 1737
1464 1737
1465 1738
1466 1738
1467 1738
1468 1738
1469 1738
1470 1739
1471 1739
1472 1739
1473 1739
1474 1740
1475 1740
1476 1740
1477 1741
1478 1741
1479 1741
1480 1741
1481 1742
1482 1742
1483 1742
1484 1743
1485 1743
1486 1743
1487 1744
1488 1744
1489 1744
1490 1745
1491 1745
1492 1745
1493 1746
1494 1746
1495 1746
1496 1747
1497 1747
1498 1747
1499 1748
1500 1748
1501 1748
1502 1749
1503 1749
1504 1749
1505 1749
1506 1750
1507 1750
1508 1751
1509 1751
1510 1752
1511 1752
1512 1752
1513 1753
1514 1754
1515 1754
1516 1755
1517 1755
1518 1756
1519 1756
1520 1756
1521 1757
1522 1758
1523 1758
1524 1758
1525 1759
1526 1759
1527 1760
1528 1760
1529 1760
1530 1761
1531 1761
1532 1762
1533 1762
1534 1762
1535 1763
1536 1763
1537 1764
1538 1764
1539 1765
1540 1765
1541 1766
1542 1766
1543 1767
1544 1767
1545 1768
1546 1768
1547 1768
1548 1769
1549 1770
1550 1770
1551 1771
1552 1772
1553 1772
1554 1773
1555 1774
1556 1774
1557 1775
1558 1776
1559 1776
1560 1776
1561 1776
1562 1776
1563 1776
1564 1776
1565 1777
1565 1778
1565 1779
1566 1780
1567 1781
1568 1782
1569 1783
1570 1784
1571 1785
1572 1785
1573 1786
1574 1787
1575 1788
1576 1788
1577 1789
1578 1790
1579 1790
1580 1791
1581 1792
1582 1792
1583 1793
1584 1794
1585 1795
1586 1795
1587 1796
1588 1797
1589 1798
1590 1799
1591 1800
1592 1800
1593 1801
1594 1802
1595 1803
1596 1804
1597 1805
1598 1805
1599 1806
1600 1807
1601 1808
1602 1809
1603 1810
1604 1811
1605 1812
1606 1813
1607 1814
1608 1815
1609 1816
1610 1816
1611 1817
1612 1818
1613 1819
1614 1820
1615 1821
1616 1822
1617 1823
1618 1824
1619 1825
1620 1825
1621 1826
1622 1827
1623 1828
1624 1829
1625 1829
1626 1830
1627 1831
1628 1832
1629 1833
1630 1834
1631 1835
1632 1836
1633 1837
1634 1838
1635 1838
1636 1839
1637 1840
1638 1841
1639 1842
1640 1843
1641 1844
1642 1845
1643 1846
1644 1847
1645 1848
1646 1848
1647 1849
1648 1850
1649 1851
1650 1852
1651 1853
1652 1854
1653 1855
1654 1856
1655 1857
1656 1858
1657 1859
1658 1860
1659 1861
1660 1862
1661 1863
1662 1863
1663 1864
1664 1865
1665 1866
1666 1867
1667 1868
1668 1869
1669 1870
1670 1870
1671 1871
1672 1872
1673 1873
1674 1874
1675 1875
1676 1876
1677 1877
1678 1878
1679 1879
1680 1879
1681 1880
1682 1881
1683 1882
1684 1883
1685 1883
1686 1884
1687 1885
1688 1886
1689 1886
1690 1887
1691 1888
1692 1889
1693 1890
1694 1890
1695 1891
1696 1892
1697 1893
1698 1894
1699 1895
1700 1895
1701 1896
1702 1897
1703 1898
1704 1898
1705 1898
1706 1899
1707 1900
1708 1901
1709 1902
1709 1903
1709 1904
1709 1905
1709 1906
1709 1907
1709 1908
1709 1909
1709 1910
1709 1911
1709 1912
1709 1913
1709 1914
1709 1915
1708 1916
1707 1917
1707 1918
1706 1919
1705 1920
1704 1921
1703 1922
1702 1923
1702 1924
1701 1925
1701 1926
1700 1927
1699 1928
1698 1929
1698 1930
1697 1931
1697 1932
1696 1933
1695 1934
1695 1935
1694 1936
1693 1937
1693 1938
1692 1939
1692 1940
1691 1941
1690 1942
1690 1943
1689 1944
1688 1945
1687 1946
1687 1947
1686 1948
1685 1949
1684 1950
1684 1951
1683 1952
1682 1953
1682 1954
1681 1955
1680 1956
1679 1957
1679 1958
1678 1959
1677 1960
1677 1961
1676 1962
1675 1963
1675 1964
1674 1965
1673 1966
1672 1967
1672 1968
1671 1969
1670 1970
1669 1971
1669 1972
1668 1973
1667 1974
1667 1975
1666 1976
1665 1977
1664 1978
1663 1979
1663 1980
1662 1981
1661 1982
1661 1983
1660 1984
1659 1985
1658 1986
1658 1987
1657 1988
1656 1989
1655 1990
1655 1991
1654 1992
1653 1993
1652 1994
1651 1995
1651 1996
1650 1997
1649 1998
1648 1999
1648 2000
1647 2001
1646 2002
1645 2003
1645 2004
1644 2005
1643 2006
1643 2007
1642 2008
1641 2009
1640 2010
1639 2011
1638 2012
1637 2013
1637 2014
1636 2015
1635 2016
1634 2017
1634 2018
1633 2019
1632 2020
1631 2021
1630 2022
1629 2023
1628 2024
1627 2025
1626 2026
1625 2027
1624 2028
1623 2029
1622 2030
1621 2031
1620 2032
1619 2033
1618 2034
1617 2035
1616 2036
1615 2037
1614 2038
1613 2039
1612 2040
1611 2041
1611 2042
1610 2043
1609 2044
1608 2045
1607 2046
1606 2047
1605 2048
1604 2049
1603 2050
1602 2051
1601 2052
1600 2053
1599 2054
1598 2055
1598 2056
1597 2057
1596 2058
1595 2059
1594 2060
1593 2061
1592 2062
1591 2063
1590 2064
1589 2065
1588 2066
1587 2067
1586 2068
1585 2069
1584 2070
1583 2071
1582 2072
1582 2073
1581 2074
1580 2075
1579 2076
1578 2077
1577 2078
1576 2079
1575 2080
1574 2081
1573 2082
1572 2083
1571 2084
1570 2085
1569 2086
1569 2087
1568 2088
1567 2089
1566 2090
1565 2091
1564 2092
1563 2093
1562 2094
1561 2095
1560 2096
1559 2097
1559 2098
1558 2099
1557 2100
1556 2101
1555 2102
1554 2103
1553 2104
1552 2105
1551 2106
1550 2107
1549 2108
1548 2109
1547 2110
1546 2111
1545 2112
1545 2113
1544 2114
1543 2115
1542 2116
1541 2117
1540 2118
1539 2119
1539 2120
1538 2121
1537 2122
1537 2123
1536 2124
1536 2125
1535 2126
1534 2127
1533 2128
1533 2129
1532 2130
1531 2131
1531 2132
1530 2133
1529 2134
1528 2135
1528 2136
1527 2137
1527 2138
1526 2139
1525 2140
1525 2141
1524 2142
1523 2143
1523 2144
1522 2145
1521 2146
1521 2147
1520 2148
1519 2149
1519 2150
1518 2151
1517 2152
1517 2153
1516 2154
1515 2155
1515 2156
1514 2157
1513 2158
1513 2159
1512 2160
1512 2161
1511 2162
1510 2163
1509 2164
1508 2165
1508 2166
1507 2167
1507 2168
1507 2169
1507 2170
1506 2171
1505 2172
1504 2172
1503 2173
1502 2174
1502 2175
1501 2176
1501 2177
1500 2178
1499 2179
1499 2180
1498 2181
1497 2182
1497 2183
1496 2184
1495 2185
1495 2186
1494 2187
1493 2188
1492 2189
1492 2190
1491 2191
1491 2192
1490 2193
1489 2194
1488 2195
1488 2196
1487 2197
1486 2198
1486 2199
1485 2200
1484 2201
1484 2202
1483 2203
1482 2204
1481 2205
1481 2206
1480 2207
1479 2208
1479 2209
1478 2210
1477 2211
1477 2212
1476 2213
1475 2214
1475 2215
1474 2216
1473 2217
1473 2218
1472 2219
1471 2220
1471 2221
1470 2222
1469 2223
1468 2224
1467 2225
1466 2226
1466 2227
1465 2228
1464 2229
1464 2230
1463 2231
1462 2232
1462 2233
1461 2234
1461 2235
1460 2236
1459 2237
1459 2238
1458 2239
1457 2240
1457 2241
1456 2242
1456 2243
1455 2244
1454 2245
1454 2246
1453 2247
1452 2248
1452 2249
1451 2250
1450 2251
1450 2252
1449 2253
1449 2254
1448 2255
1447 2256
1447 2257
1446 2258
1446 2259
1445 2260
1445 2261
1444 2262
1443 2263
1443 2264
1442 2265
1442 2266
1441 2267
1440 2268
1440 2269
1439 2270
1439 2271
1438 2272
1438 2273
1437 2274
1437 2275
1436 2276
1436 2277
1435 2278
1434 2279
1434 2280
1433 2281
1432 2282
1432 2283
1431 2284
1431 2285
1430 2286
1430 2287
1429 2288
1428 2289
1428 2290
1428 2291
1427 2292
1426 2293
1426 2294
1425 2295
1424 2296
1424 2297
1423 2298
1423 2299
1422 2300
1421 2300
1420 2300
1419 2300
1418 2300
1417 2300
1416 2300
1415 2300
1414 2300
1413 2300
1412 2300
1411 2300
1410 2300
1409 2300
1408 2300
1407 2300
1406 2300
1405 2300
1404 2299
1403 2299
1402 2299
1401 2299
1400 2299
1399 2299
1398 2299
1397 2299
1396 2299
1395 2299
1394 2299
1393 2299
1392 2299
1391 2299
1390 2299
1389 2299
1388 2299
1387 2299
1386 2299
1385 2299
1384 2299
1383 2300
1382 2300
1381 2300
1380 2300
1379 2300
1378 2300
1377 2300
1376 2300
1375 2300
1374 2300
1373 2300
1372 2300
1371 2300
1370 2300
1369 2300
1368 2300
1367 2300
1366 2300
1365 2300
1364 2300
1363 2300
1362 2300
1361 2300
1360 2300
1359 2300
1358 2300
1357 2300
1356 2300
1355 2301
1354 2301
1353 2301
1352 2301
1351 2301
1350 2301
1349 2301
1348 2301
1347 2301
1346 2301
1345 2301
1344 2301
1343 2301
1342 2301
1341 2301
1340 2301
1339 2301
1338 2301
1337 2301
1336 2301
1335 2302
1334 2302
1333 2302
1332 2302
1331 2302
1330 2302
1329 2302
1328 2302
1327 2302
1326 2302
1325 2302
1324 2302
1323 2302
1322 2302
1321 2302
1320 2302
1319 2302
1318 2302
1317 2302
1316 2302
1315 2302
1314 2302
1313 2302
1312 2302
1311 2302
1310 2302
1309 2302
1308 2302
1307 2302
1306 2302
1305 2302
1304 2302
1303 2302
1302 2302
1301 2303
1300 2304
1299 2304
1298 2305
1297 2306
1296 2306
1295 2306
1294 2306
1293 2307
1292 2307
1291 2307
1290 2307
1289 2308
1288 2308
1287 2308
1286 2308
1285 2308
1284 2309
1283 2309
1282 2309
1281 2309
1280 2309
1279 2309
1278 2310
1277 2310
1276 2310
1275 2310
1274 2310
1273 2310
1272 2311
1271 2311
1270 2311
1269 2311
1268 2311
1267 2311
1266 2311
1265 2312
1264 2312
1263 2312
1262 2312
1261 2312
1260 2312
1259 2312
1258 2313
1257 2313
1256 2313
1255 2313
1254 2313
1253 2313
1252 2313
1251 2313
1250 2314
1249 2314
1248 2314
1247 2314
1246 2314
1245 2315
1244 2315
1243 2315
1242 2315
1241 2315
1240 2315
1239 2315
1238 2315
1237 2315
1236 2315
1235 2315
1234 2315
1233 2316
1232 2316
1231 2316
1230 2316
1229 2317
1228 2317
1227 2317
1226 2317
1225 2317
1224 2317
1223 2317
1222 2317
1221 2318
1220 2318
1219 2318
1218 2318
1217 2318
1216 2318
1215 2318
1214 2318
1213 2318
1212 2318
1211 2319
1210 2319
1209 2319
1208 2319
1207 2319
1206 2319
1205 2319
1204 2319
1203 2319
1202 2319
1201 2319
1200 2319
1199 2319
1198 2319
1197 2319
1196 2319
1195 2319
1194 2319
1193 2319
1192 2319
1191 2319
1190 2319
1189 2319
1188 2319
1187 2319
1186 2319
1185 2319
1184 2319
1183 2319
1182 2319
1181 2319
1180 2319
1179 2319
1178 2319
1177 2319
1176 2319
1175 2319
1174 2319
1173 2319
1172 2319
1171 2319
1170 2319
1169 2319
1168 2319
1167 2319
1166 2319
1165 2319
1164 2319
1163 2319
1162 2319
1161 2319
1160 2319
1159 2319
1158 2319
1157 2319
1156 2318
1155 2318
1154 2318
1153 2318
1152 2318
1151 2318
1150 2318
1149 2318
1148 2318
1147 2318
1146 2318
1145 2318
1144 2318
1143 2317
1142 2317
1141 2317
1140 2317
1139 2317
1138 2317
1137 2317
1136 2317
1135 2317
1134 2317
1133 2317
1132 2317
1131 2317
1130 2317
1129 2317
1128 2317
1127 2317
1126 2317
1125 2317
1124 2317
1123 2317
1122 2316
1121 2316
1120 2316
1119 2315
1119 2314
1119 2313
1119 2312
1119 2311
1119 2310
1119 2309
1119 2308
1119 2307
1119 2306
1119 2305
1119 2304
1119 2303
1120 2302
1121 2301
1122 2300
1122 2299
1123 2298
1124 2297
1125 2296
1126 2295
1127 2294
1128 2293
1129 2292
1130 2291
1130 2290
1131 2289
1132 2288
1133 2287
1134 2286
1135 2285
1136 2284
1136 2283
1137 2282
1138 2281
1139 2280
1140 2279
1141 2278
1142 2277
1143 2276
1144 2275
1145 2274
1146 2273
1147 2272
1147 2271
1148 2270
1149 2269
1150 2268
1151 2267
1152 2266
1153 2265
1154 2264
1155 2263
1156 2262
1157 2261
1158 2260
1159 2259
1160 2258
1161 2257
1162 2256
1163 2255
1164 2254
1165 2253
1166 2252
1167 2251
1168 2250
1168 2249
1168 2248
1168 2247
1169 2246
1170 2246
1171 2246
1172 2245
1173 2244
1174 2243
1175 2242
1176 2241
1177 2240
1178 2239
1179 2238
1180 2237
1181 2236
1181 2235
1182 2234
1183 2233
1184 2232
1185 2231
1186 2230
1187 2229
1188 2228
1189 2227
1190 2226
1191 2225
1192 2224
1193 2223
1194 2222
1195 2221
1196 2220
1196 2219
1197 2218
1198 2217
1199 2216
1200 2215
1201 2214
1202 2213
1203 2212
1204 2211
1204 2210
1205 2209
1206 2208
1207 2207
1208 2206
1209 2205
1209 2204
1210 2203
1211 2202
1212 2201
1213 2200
1214 2199
1215 2198
1216 2197
1216 2196
1216 2195
1216 2194
1217 2193
1218 2193
1219 2192
1220 2191
1221 2190
1222 2189
1223 2188
1224 2187
1225 2186
1226 2185
1226 2184
1227 2183
1228 2182
1229 2181
1230 2180
1230 2179
1231 2178
1232 2178
1233 2177
1234 2176
1235 2175
1235 2174
1235 2173
1236 2172
1237 2171
1238 2170
1239 2169
1240 2168
1241 2167
1242 2166
1243 2165
1243 2164
1244 2163
1245 2162
1245 2161
1246 2160
1247 2159
1247 2158
1248 2157
1249 2156
1249 2155
1250 2154
1251 2153
1252 2152
1252 2151
1253 2150
1253 2149
1254 2148
1255 2147
1256 2146
1256 2145
1257 2144
1257 2143
1258 2142
1259 2141
1260 2140
1260 2139
1261 2138
1262 2137
1262 2136
1263 2135
1264 2134
1264 2133
1265 2132
1266 2131
1266 2130
1266 2129
1267 2128
1268 2127
1268 2126
1269 2125
1269 2124
1270 2123
1271 2122
1271 2121
1272 2120
1272 2119
1273 2118
1273 2117
1274 2116
1274 2115
1275 2114
1275 2113
1276 2112
1276 2111
1277 2110
1277 2109
1278 2108
1279 2107
1279 2106
1280 2105
1280 2104
1280 2103
1281 2102
1281 2101
1282 2100
1282 2099
1283 2098
1283 2097
1283 2096
1284 2095
1284 2094
1285 2093
1285 2092
1286 2091
1286 2090
1287 2089
1287 2088
1287 2087
1287 2086
1288 2085
1288 2084
1289 2083
1289 2082
1289 2081
1289 2080
1290 2079
1290 2078
1291 2077
1291 2076
1291 2075
1292 2074
1292 2073
1292 2072
1293 2071
1293 2070
1293 2069
1293 2068
1294 2067
1294 2066
1294 2065
1295 2064
1295 2063
1295 2062
1295 2061
1296 2060
1296 2059
1296 2058
1297 2057
1297 2056
1297 2055
1297 2054
1297 2053
1298 2052
1298 2051
1298 2050
1298 2049
1298 2048
1298 2047
1298 2046
1298 2045
1299 2044
1299 2043
1300 2042
1300 2041
1301 2040
1301 2039
1301 2038
1301 2037
1301 2036
1301 2035
1301 2034
1301 2033
1302 2032
1302 2031
1302 2030
1302 2029
1302 2028
1302 2027
1303 2026
1303 2025
1303 2024
1303 2023
1303 2022
1303 2021
1303 2020
1303 2019
1304 2018
1304 2017
1304 2016
1304 2015
1304 2014
1305 2013
1305 2012
1305 2011
1305 2010
1305 2009
1305 2008
1305 2007
1305 2006
1305 2005
1305 2004
1305 2003
1305 2002
1305 2001
1305 2000
1305 1999
1305 1998
1305 1997
1305 1996
1305 1995
1305 1994
1305 1993
1305 1992
1305 1991
1305 1990
1305 1989
1305 1988
1305 1987
1305 1986
1305 1985
1305 1984
1305 1983
1305 1982
1305 1981
1305 1980
1305 1979
1304 1978
1304 1977
1304 1976
1304 1975
1304 1974
1304 1973
1303 1972
1303 1971
1303 1970
1303 1969
1303 1968
1303 1967
1303 1966
1302 1965
1302 1964
1302 1963
1302 1962
1302 1961
1302 1960
1302 1959
1302 1958
1301 1957
1300 1956
1300 1955
1300 1954
1300 1953
1300 1952
1299 1951
1299 1950
1299 1949
1299 1948
1299 1947
1298 1946
1298 1945
1298 1944
1297 1943
1297 1942
1297 1941
1296 1940
1295 1940
1294 1939
1293 1938
1292 1937
1291 1936
1291 1935
1290 1934
1289 1933
1289 1932
1289 1931
1288 1930
1288 1929
1288 1928
1287 1927
1286 1926
1286 1925
1285 1924
1284 1923
1284 1922
1283 1921
1283 1920
1282 1919
1281 1918
1281 1917
1280 1916
1280 1915
1279 1914
1278 1913
1277 1912
1277 1911
1276 1910
1275 1909
1275 1908
1274 1907
1273 1906
1272 1905
1271 1904
1270 1903
1270 1902
1269 1901
1268 1900
1267 1899
1266 1898
1265 1897
1264 1896
1263 1895
1262 1894
1261 1893
1260 1892
1259 1891
1258 1890
1257 1889
1256 1888
1255 1888
1254 1888
1253 1887
1252 1886
1251 1885
1250 1884
1249 1883
1248 1882
1247 1881
1246 1881
1245 1880
1244 1880
1243 1879
1242 1878
1241 1877
1240 1876
1239 1876
1238 1875
1237 1875
1236 1874
1235 1873
1234 1873
1233 1872
1232 1872
1231 1871
1230 1871
1229 1870
1228 1870
1227 1870
1226 1869
1225 1869
1224 1869
1223 1868
1222 1867
1221 1867
1220 1867
1219 1866
1218 1865
1217 1865
1216 1864
1215 1864
1214 1863
1213 1863
1212 1863
1211 1862
1210 1862
1209 1862
1208 1862
1207 1861
1206 1861
1205 1861
1204 1861
1203 1860
1202 1860
1201 1860
1200 1860
1199 1859
1198 1859
1197 1859
1196 1859
1195 1859
1194 1858
1193 1858
1192 1858
1191 1858
1190 1858
1189 1858
1188 1858
1187 1857
1186 1857
1185 1857
1184 1857
1183 1857
1182 1857
1181 1857
1180 1857
1179 1857
1178 1857
1177 1856
1176 1856
1175 1856
1174 1856
1173 1856
1172 1856
1171 1856
1170 1856
1169 1856
1168 1855
1167 1855
1166 1855
1165 1855
1164 1855
1163 1855
1162 1855
1161 1855
1160 1855
1159 1855
1158 1855
1157 1855
1156 1855
1155 1855
1154 1855
1153 1855
1152 1854
1151 1854
1150 1854
1149 1854
1148 1854
1147 1854
1146 1854
1145 1854
1144 1854
1143 1854
1142 1854
1141 1854
1140 1854
1139 1854
1138 1854
1137 1854
1136 1854
1135 1855
1134 1855
1133 1855
1132 1855
1131 1855
1130 1855
1129 1855
1128 1855
1127 1855
1126 1855
1125 1855
1124 1856
1123 1856
1122 1856
1121 1856
1120 1856
1119 1856
1118 1857
1117 1857
1116 1857
1115 1857
1114 1857
1113 1857
1112 1857
1111 1857
1110 1858
1109 1858
1108 1858
1107 1858
1106 1858
1105 1858
1104 1859
1103 1859
1102 1859
1101 1859
1100 1859
1099 1859
1098 1860
1097 1860
1096 1860
1095 1860
1094 1860
1093 1860
1092 1860
1091 1860
1090 1860
1089 1860
1088 1860
1087 1860
1086 1860
1085 1860
1084 1861
1083 1861
1082 1861
1081 1861
1080 1861
1079 1861
1078 1861
1077 1862
1076 1862
1075 1862
1074 1862
1073 1862
1072 1862
1071 1862
1070 1862
1069 1862
1068 1862
1067 1862
1066 1862
1065 1862
1064 1862
1063 1863
1062 1863
1061 1863
1060 1863
1059 1863
1058 1863
1057 1863
1056 1863
1055 1863
1054 1863
1053 1864
1052 1864
1051 1864
1050 1864
1049 1864
1048 1864
1047 1864
1046 1864
1045 1864
1044 1864
1043 1865
1042 1865
1041 1865
1040 1865
1039 1865
1038 1865
1037 1865
1036 1865
1035 1865
1034 1865
1033 1865
1032 1865
1031 1865
1030 1866
1029 1866
1028 1866
1027 1866
1026 1866
1025 1866
1024 1866
1023 1866
1022 1866
1021 1866
1020 1866
1019 1866
1018 1866
1017 1866
1016 1867
1015 1867
1014 1867
1013 1867
1012 1867
1011 1867
1010 1867
1009 1867
1008 1867
1007 1867
1006 1867
1005 1867
1004 1867
1003 1867
1002 1867
1001 1867
1000 1867
999 1867
998 1867
997 1867
996 1867
995 1867
994 1867
993 1867
992 1867
991 1867
990 1867
989 1867
988 1867
987 1867
986 1867
985 1867
984 1867
983 1867
982 1867
981 1867
980 1867
979 1867
978 1867
977 1867
976 1867
975 1867
974 1867
973 1867
972 1867
971 1867
970 1867
969 1867
968 1867
967 1867
966 1867
965 1867
964 1867
963 1867
962 1866
961 1866
960 1866
959 1866
958 1866
957 1866
956 1866
955 1865
954 1865
953 1865
952 1865
951 1865
950 1865
949 1864
948 1864
947 1863
946 1863
945 1862
944 1862
943 1862
942 1862
941 1862
940 1861
939 1861
938 1860
937 1860
936 1860
935 1859
934 1859
933 1859
932 1859
931 1858
930 1858
929 1858
928 1858
927 1857
926 1857
925 1857
924 1857
923 1857
922 1856
921 1855
920 1855
919 1855
918 1855
917 1854
916 1854
915 1853
914 1853
913 1853
912 1852
911 1851
910 1851
909 1851
908 1850
907 1849
906 1849
905 1848
904 1848
903 1847
902 1846
901 1846
900 1845
899 1845
898 1844
897 1844
896 1843
895 1843
894 1842
893 1842
892 1841
891 1841
890 1840
889 1840
888 1839
887 1839
886 1838
885 1838
884 1837
883 1837
882 1836
881 1836
880 1835
879 1835
878 1834
877 1833
876 1832
875 1832
874 1831
873 1830
872 1830
871 1829
870 1829
869 1828
868 1828
867 1827
866 1827
865 1826
864 1825
863 1825
862 1824
861 1824
860 1823
859 1823
858 1822
857 1821
856 1821
855 1820
854 1820
853 1819
852 1818
851 1817
850 1817
849 1816
848 1815
847 1815
846 1814
845 1813
844 1812
843 1812
842 1811
841 1810
840 1809
839 1809
838 1808
837 1807
836 1807
835 1806
834 1805
833 1804
832 1803
831 1803
830 1802
829 1802
828 1801
827 1800
826 1799
825 1798
824 1797
823 1796
822 1796
821 1795
820 1794
819 1794
818 1794
817 1793
816 1792
815 1791
814 1790
813 1789
812 1789
811 1788
810 1787
809 1786
808 1786
807 1785
806 1784
805 1784
804 1783
803 1783
802 1783
801 1782
800 1781
799 1780
798 1780
797 1780
796 1780
795 1779
794 1778
793 1778
792 1777
791 1777
790 1776
790 1775
790 1774
790 1773
790 1772
790 1771
790 1770
790 1769
790 1768
790 1767
790 1766
790 1765
790 1764
790 1763
790 1762
791 1761
791 1760
792 1759
792 1758
793 1757
793 1756
794 1755
794 1754
795 1753
795 1752
796 1751
796 1750
797 1749
797 1748
798 1747
798 1746
799 1745
799 1744
800 1743
800 1742
801 1741
801 1740
802 1739
802 1738
803 1737
803 1736
804 1735
804 1734
805 1733
805 1732
806 1731
806 1730
807 1729
807 1728
808 1727
808 1726
809 1725
809 1724
810 1723
810 1722
811 1721
811 1720
812 1719
812 1718
813 1717
813 1716
814 1715
814 1714
815 1713
815 1712
816 1711
816 1710
817 1709
818 1708
818 1707
819 1706
820 1705
820 1704
821 1703
821 1702
821 1701
821 1700
821 1699
822 1698
823 1697
824 1696
825 1695
825 1694
826 1693
826 1692
827 1691
828 1690
829 1689
829 1688
830 1687
830 1686
831 1685
832 1684
833 1683
834 1682
834 1681
834 1680
835 1679
836 1678
837 1677
838 1676
838 1675
839 1674
840 1673
840 1672
841 1671
842 1670
842 1669
843 1668
844 1667
844 1666
845 1665
845 1664
846 1663
847 1662
848 1661
848 1660
849 1659
850 1658
850 1657
851 1656
852 1655
853 1654
853 1653
854 1652
855 1651
856 1650
856 1649
857 1648
858 1647
859 1646
860 1645
860 1644
861 1643
862 1642
863 1641
864 1640
865 1639
865 1638
866 1637
867 1636
867 1635
868 1634
869 1633
870 1632
870 1631
871 1630
872 1629
873 1628
874 1627
874 1626
875 1625
876 1624
876 1623
877 1622
878 1621
878 1620
879 1619
880 1618
881 1617
882 1616
883 1615
884 1614
885 1613
886 1612
886 1611
887 1610
888 1609
889 1608
890 1607
890 1606
891 1605
892 1604
893 1603
894 1602
894 1601
895 1600
896 1599
897 1598
898 1597
898 1596
899 1595
900 1594
901 1593
902 1592
903 1591
904 1590
904 1589
905 1588
906 1587
906 1586
907 1585
908 1584
909 1583
910 1582
911 1581
912 1580
913 1579
914 1578
915 1577
916 1576
917 1575
918 1574
919 1573
920 1572
921 1571
921 1570
922 1569
923 1568
924 1567
925 1566
926 1565
927 1564
927 1563
928 1562
929 1561
930 1560
930 1559
931 1558
932 1557
932 1556
933 1555
934 1554
935 1553
936 1552
937 1551
938 1550
938 1549
939 1548
940 1547
941 1546
941 1545
942 1544
943 1543
944 1542
945 1541
946 1540
947 1539
948 1538
949 1537
950 1536
951 1535
952 1534
952 1533
953 1532
953 1531
954 1530
955 1529
956 1528
957 1527
958 1526
959 1525
959 1524
960 1523
961 1522
962 1521
963 1520
964 1519
965 1518
966 1517
967 1516
967 1515
968 1514
969 1513
970 1512
971 1511
972 1510
973 1509
974 1508
974 1507
975 1506
976 1505
977 1504
978 1503
979 1502
980 1501
981 1500
982 1499
982 1498
983 1497
984 1496
985 1495
986 1494
987 1493
988 1492
989 1491
990 1490
991 1489
992 1488
993 1487
994 1486
995 1485
995 1484
996 1483
997 1482
998 1481
999 1480
1000 1479
1001 1478
1002 1477
1003 1476
1004 1475
1005 1474
1006 1473
1007 1472
1008 1471
1009 1470
1010 1469
1011 1468
1012 1467
1013 1466
1014 1465
