561 945
562 945
563 945
564 945
565 945
566 945
567 945
568 945
569 945
569 945
570 944
571 944
572 944
573 944
574 944
575 944
576 944
577 944
578 944
579 944
580 944
581 944
582 944
583 944
584 944
585 944
586 944
587 944
588 944
589 944
590 944
591 945
592 945
593 945
594 945
595 945
596 945
597 945
598 945
599 945
600 945
601 945
602 945
603 945
604 945
605 945
606 945
607 945
608 945
609 945
610 945
611 945
612 945
613 945
614 945
615 946
616 946
617 946
618 946
619 946
620 946
621 946
622 946
623 946
624 946
625 946
626 947
627 947
628 947
629 947
630 947
631 947
632 947
633 947
634 947
635 947
636 947
637 947
638 947
639 947
640 947
641 948
642 948
643 948
644 948
645 948
646 948
647 948
648 949
649 949
650 949
651 949
652 949
653 949
654 949
655 950
656 950
657 950
658 950
659 950
660 950
661 951
662 951
663 951
664 951
665 951
666 951
667 951
668 952
669 952
670 952
671 952
672 953
673 953
674 953
675 953
676 953
677 953
678 954
679 954
680 954
681 954
682 955
683 955
684 955
685 955
686 955
687 955
688 956
689 956
690 956
691 956
692 956
693 956
694 957
695 957
696 957
697 957
698 958
699 958
700 958
701 958
702 959
703 959
704 959
705 960
706 960
707 960
708 961
709 961
710 961
711 961
712 962
713 962
714 962
715 963
716 963
717 963
718 964
719 964
720 964
721 965
722 965
723 965
724 965
725 965
726 966
727 966
728 967
729 967
730 967
731 967
732 968
733 968
734 969
735 969
736 969
737 969
738 970
739 970
740 971
741 971
742 971
743 972
744 972
745 973
746 973
747 973
748 973
749 974
750 975
751 975
752 975
753 976
754 976
755 977
756 977
757 977
758 977
759 978
760 978
761 979
762 979
763 980
764 980
765 981
766 981
767 982
768 982
769 983
770 983
771 984
772 984
773 985
774 985
775 986
776 987
777 987
778 987
779 988
780 988
781 989
782 989
783 990
784 990
785 991
786 991
787 991
788 992
789 993
790 993
791 993
792 994
793 995
794 995
795 995
796 996
797 997
798 997
799 997
800 998
801 998
802 999
803 999
804 1000
805 1000
806 1001
807 1001
808 1002
809 1003
810 1003
811 1003
812 1004
813 1005
814 1005
815 1005
816 1006
817 1006
818 1007
819 1007
820 1008
821 1008
822 1009
823 1009
824 1010
825 1011
826 1011
827 1012
828 1012
829 1013
830 1013
831 1014
832 1015
833 1015
834 1016
835 1016
836 1017
837 1018
838 1018
839 1019
840 1020
841 1021
842 1021
843 1022
844 1023
845 1023
846 1024
847 1025
848 1025
849 1026
850 1026
851 1027
852 1027
853 1028
854 1029
855 1029
856 1030
857 1031
858 1031
859 1032
860 1033
861 1034
862 1034
863 1035
864 1036
865 1036
866 1037
867 1038
868 1039
869 1039
870 1040
871 1041
872 1041
873 1042
874 1043
875 1044
876 1045
877 1045
878 1046
879 1047
880 1047
881 1048
882 1049
883 1050
884 1051
885 1052
886 1053
887 1053
888 1054
889 1055
890 1056
891 1057
892 1057
893 1058
894 1059
895 1060
896 1061
897 1062
898 1063
899 1063
900 1064
901 1065
902 1066
903 1067
904 1067
905 1068
906 1069
907 1070
908 1071
909 1072
910 1073
911 1074
912 1075
913 1076
914 1077
915 1078
916 1079
917 1079
918 1080
919 1080
920 1081
920 1082
921 1083
921 1084
922 1085
923 1086
924 1087
924 1088
925 1089
926 1090
927 1091
928 1092
929 1093
930 1094
931 1095
932 1096
933 1097
934 1098
935 1099
936 1100
937 1101
938 1102
939 1103
940 1104
940 1105
941 1106
942 1107
942 1108
943 1109
944 1110
945 1111
945 1112
946 1113
947 1114
947 1115
948 1116
949 1117
950 1118
951 1119
951 1120
952 1121
953 1122
954 1123
954 1124
955 1125
956 1126
957 1127
957 1128
958 1129
958 1130
959 1131
960 1132
960 1133
961 1134
961 1135
962 1136
963 1137
963 1138
964 1139
965 1140
965 1141
965 1142
966 1143
966 1144
966 1145
966 1146
967 1147
967 1148
968 1149
969 1150
969 1151
969 1152
969 1153
970 1154
970 1155
970 1156
971 1157
971 1158
971 1159
972 1160
972 1161
973 1162
973 1163
973 1164
974 1165
974 1166
974 1167
974 1168
975 1169
975 1170
976 1171
976 1172
976 1173
977 1174
977 1175
977 1176
978 1177
978 1178
978 1179
979 1180
979 1181
979 1182
980 1183
980 1184
980 1185
980 1186
981 1187
981 1188
981 1189
981 1190
982 1191
982 1192
982 1193
982 1194
983 1195
983 1196
983 1197
984 1198
984 1199
984 1200
984 1201
984 1202
985 1203
985 1204
985 1205
985 1206
985 1207
985 1208
985 1209
986 1210
986 1211
986 1212
986 1213
986 1214
986 1215
986 1216
986 1217
986 1218
986 1219
986 1220
986 1221
986 1222
987 1223
987 1224
987 1225
987 1226
987 1227
987 1228
987 1229
987 1230
987 1231
987 1232
987 1233
987 1234
987 1235
986 1236
985 1236
984 1236
983 1236
982 1236
981 1236
980 1236
979 1236
978 1236
977 1236
976 1236
975 1236
974 1236
973 1236
972 1236
971 1235
970 1235
969 1235
968 1235
967 1235
966 1235
965 1235
964 1235
963 1235
962 1235
961 1235
960 1235
959 1235
958 1235
957 1235
956 1236
955 1236
954 1236
953 1236
952 1236
951 1236
950 1236
949 1236
948 1236
947 1236
946 1236
945 1236
944 1236
943 1236
942 1236
941 1236
940 1236
939 1236
938 1236
937 1236
936 1236
935 1236
934 1236
933 1236
932 1236
931 1236
930 1236
929 1237
928 1237
927 1237
926 1237
925 1237
924 1237
923 1237
922 1237
921 1237
920 1237
919 1237
918 1238
917 1238
916 1238
915 1238
914 1238
913 1238
912 1238
911 1239
910 1239
909 1239
908 1239
907 1239
906 1239
905 1240
904 1240
903 1240
902 1240
901 1240
900 1240
899 1240
898 1241
897 1241
896 1241
895 1241
894 1242
893 1242
892 1242
891 1242
890 1242
889 1242
888 1243
887 1243
886 1243
885 1243
884 1243
883 1244
882 1244
881 1244
880 1244
879 1244
878 1245
877 1245
876 1245
875 1245
874 1246
873 1246
872 1246
871 1246
870 1246
869 1246
868 1247
867 1247
866 1247
865 1248
864 1248
863 1248
862 1248
861 1249
860 1249
859 1249
858 1250
857 1250
856 1250
855 1250
854 1251
853 1251
852 1252
851 1252
850 1252
849 1253
848 1253
847 1253
846 1254
845 1254
844 1254
843 1255
842 1255
841 1256
840 1256
839 1256
838 1256
837 1257
836 1257
835 1257
834 1258
833 1258
832 1258
831 1259
830 1259
829 1260
828 1260
827 1260
826 1261
825 1261
824 1262
823 1262
822 1262
821 1263
820 1263
819 1264
818 1264
817 1264
816 1265
815 1265
814 1266
813 1266
812 1266
811 1266
810 1267
809 1267
808 1268
807 1268
806 1269
805 1269
804 1269
803 1270
802 1270
801 1271
800 1271
799 1272
798 1272
797 1273
796 1273
795 1273
794 1274
793 1274
792 1274
791 1275
790 1275
789 1276
788 1276
787 1277
786 1277
785 1278
784 1278
783 1278
782 1279
781 1279
780 1280
779 1280
778 1281
777 1281
776 1282
775 1282
774 1282
773 1283
772 1283
771 1284
770 1284
769 1284
768 1285
767 1285
766 1286
765 1286
764 1286
763 1286
762 1287
761 1287
760 1287
759 1288
758 1288
757 1288
756 1288
755 1289
754 1289
753 1289
752 1290
751 1290
750 1290
749 1290
748 1291
747 1291
746 1291
745 1291
744 1292
743 1292
742 1292
741 1292
740 1292
739 1293
738 1293
737 1293
736 1294
735 1294
734 1294
733 1294
732 1294
731 1294
730 1294
729 1295
728 1295
727 1295
726 1295
725 1295
724 1296
723 1296
722 1296
721 1296
720 1296
719 1296
718 1296
717 1297
716 1297
715 1297
714 1297
713 1297
712 1297
711 1298
710 1298
709 1298
708 1298
707 1298
706 1298
705 1298
704 1298
703 1299
702 1299
701 1299
700 1299
699 1299
698 1299
697 1299
696 1299
695 1300
694 1300
693 1300
692 1300
691 1300
690 1300
689 1300
688 1300
687 1300
686 1300
685 1300
684 1301
683 1301
682 1301
681 1301
680 1301
679 1302
678 1302
677 1302
676 1302
675 1302
674 1302
673 1302
672 1302
671 1302
670 1302
669 1302
668 1302
667 1302
666 1302
665 1302
664 1302
663 1302
662 1302
661 1302
660 1302
659 1302
658 1302
657 1302
656 1302
655 1302
654 1302
653 1302
652 1302
651 1302
650 1302
649 1302
648 1302
647 1302
646 1302
645 1302
644 1302
643 1302
642 1302
641 1302
640 1302
639 1302
638 1302
637 1302
636 1302
635 1302
634 1302
633 1302
632 1302
631 1301
630 1301
629 1301
628 1301
627 1301
626 1301
625 1301
624 1301
623 1301
622 1301
621 1301
620 1301
619 1300
618 1300
617 1300
616 1300
615 1300
614 1300
613 1300
612 1300
611 1300
610 1300
609 1299
608 1299
607 1299
606 1299
605 1299
604 1298
603 1298
602 1298
601 1298
600 1298
599 1298
598 1297
597 1297
596 1297
595 1297
594 1297
593 1297
592 1297
591 1296
590 1296
589 1296
588 1296
587 1296
586 1296
585 1296
584 1296
583 1296
582 1295
581 1295
580 1295
579 1295
578 1295
577 1294
576 1294
575 1294
574 1294
573 1294
572 1294
571 1294
570 1293
569 1293
568 1293
567 1293
566 1293
565 1292
564 1292
563 1292
562 1292
561 1291
560 1291
559 1291
558 1290
557 1290
556 1290
555 1290
554 1289
553 1289
552 1289
551 1288
550 1288
549 1288
548 1288
547 1287
546 1287
545 1287
544 1286
543 1286
542 1285
542 1284
541 1283
541 1282
541 1281
541 1280
541 1279
541 1278
540 1277
540 1276
540 1275
540 1274
539 1273
539 1272
539 1271
539 1270
539 1269
538 1268
538 1267
538 1266
538 1265
538 1264
537 1263
537 1262
537 1261
537 1260
537 1259
536 1258
536 1257
536 1256
536 1255
536 1254
536 1253
535 1252
535 1251
535 1250
535 1249
535 1248
535 1247
534 1246
534 1245
534 1244
534 1243
534 1242
534 1241
534 1240
533 1239
533 1238
533 1237
533 1236
533 1235
532 1234
532 1233
532 1232
532 1231
532 1230
532 1229
531 1228
531 1227
531 1226
531 1225
531 1224
531 1223
531 1222
531 1221
530 1220
530 1219
530 1218
530 1217
530 1216
530 1215
530 1214
529 1213
529 1212
529 1211
529 1210
529 1209
529 1208
529 1207
529 1206
529 1205
528 1204
528 1203
528 1202
528 1201
528 1200
528 1199
528 1198
528 1197
528 1196
527 1195
527 1194
527 1193
527 1192
527 1191
527 1190
527 1189
527 1188
527 1187
527 1186
526 1185
526 1184
526 1183
526 1182
526 1181
526 1180
526 1179
526 1178
526 1177
526 1176
526 1175
526 1174
526 1173
526 1172
526 1171
526 1170
525 1169
525 1168
525 1167
525 1166
525 1165
525 1164
525 1163
525 1162
525 1161
525 1160
525 1159
525 1158
525 1157
525 1156
525 1155
525 1154
525 1153
525 1152
525 1151
525 1150
525 1149
525 1148
525 1147
525 1146
525 1145
525 1144
525 1143
525 1142
525 1141
525 1140
525 1139
525 1138
525 1137
525 1136
525 1135
525 1134
525 1133
525 1132
525 1131
525 1130
526 1129
526 1128
526 1127
526 1126
526 1125
526 1124
526 1123
526 1122
526 1121
526 1120
526 1119
526 1118
526 1117
526 1116
527 1115
527 1114
527 1113
527 1112
527 1111
527 1110
527 1109
527 1108
527 1107
527 1106
527 1105
527 1104
527 1103
527 1102
527 1101
527 1100
528 1099
528 1098
528 1097
528 1096
528 1095
529 1094
529 1093
529 1092
529 1091
529 1090
530 1089
530 1088
530 1087
530 1086
530 1085
530 1084
530 1083
530 1082
530 1081
530 1080
531 1079
531 1078
531 1077
531 1076
531 1075
531 1074
532 1073
532 1072
532 1071
532 1070
532 1069
532 1068
532 1067
533 1066
533 1065
533 1064
533 1063
533 1062
533 1061
533 1060
534 1059
534 1058
534 1057
534 1056
534 1055
534 1054
534 1053
535 1052
535 1051
535 1050
535 1049
535 1048
536 1047
536 1046
536 1045
536 1044
536 1043
536 1042
537 1041
537 1040
537 1039
537 1038
537 1037
537 1036
538 1035
538 1034
538 1033
538 1032
538 1031
538 1030
539 1029
539 1028
539 1027
539 1026
540 1025
540 1024
540 1023
540 1022
540 1021
540 1020
541 1019
541 1018
541 1017
541 1016
541 1015
542 1014
542 1013
542 1012
542 1011
542 1010
543 1009
543 1008
543 1007
543 1006
543 1005
544 1004
544 1003
544 1002
544 1001
545 1000
545 999
545 998
545 997
545 996
546 995
546 994
546 993
546 992
547 991
547 990
547 989
547 988
547 987
548 986
548 985
548 984
548 983
549 982
549 981
549 980
549 979
550 978
550 977
550 976
550 975
550 974
551 973
551 972
551 971
551 970
552 969
552 968
552 967
553 966
553 965
553 964
553 963
553 962
554 961
554 960
555 959
555 958
555 957
555 956
556 955
556 954
556 953
557 952
557 951
557 950
557 949
558 948
558 947
558 946
559 945
560 945
