238 955
238 954
239 953
239 952
239 951
239 950
240 949
240 948
240 947
240 947
241 946
242 946
243 946
244 946
245 947
246 947
247 947
248 948
249 948
250 948
251 949
252 949
253 949
254 950
255 950
256 950
257 951
258 951
259 951
260 952
261 952
262 952
263 953
264 953
265 953
266 954
267 954
268 954
269 955
270 955
271 956
272 956
273 956
274 957
275 957
276 958
277 958
278 958
279 959
280 959
281 960
282 960
283 961
284 961
285 961
286 962
287 963
288 963
289 963
290 964
291 964
292 965
293 965
294 966
295 966
296 967
297 967
298 968
299 968
300 969
301 970
302 970
303 970
304 971
305 972
306 972
307 973
308 973
309 974
310 974
311 975
312 975
313 976
314 976
315 977
316 977
317 978
318 979
319 979
320 980
321 980
322 981
323 981
324 982
325 983
326 983
327 984
328 984
329 985
330 985
331 986
332 987
333 987
334 988
335 988
336 989
337 990
338 990
339 991
340 991
341 992
342 993
343 993
344 994
345 995
346 995
347 996
348 997
349 997
350 998
351 999
352 999
353 1000
354 1001
355 1001
356 1002
357 1003
358 1004
359 1004
360 1005
361 1006
362 1007
363 1008
364 1008
365 1009
366 1010
367 1011
368 1012
369 1012
370 1013
371 1014
372 1015
373 1016
374 1017
375 1017
376 1018
377 1019
378 1020
379 1021
380 1022
381 1023
382 1024
383 1025
384 1026
385 1027
386 1027
387 1028
388 1029
389 1030
390 1031
391 1032
392 1033
393 1034
394 1034
395 1035
396 1036
397 1037
398 1038
399 1039
400 1040
401 1041
402 1042
403 1043
404 1044
405 1045
406 1046
407 1047
408 1048
409 1049
410 1050
411 1051
412 1052
413 1053
414 1054
415 1055
416 1056
417 1057
418 1058
419 1059
420 1060
421 1061
422 1062
423 1063
424 1064
425 1065
426 1066
427 1067
428 1068
429 1069
429 1070
430 1071
431 1072
432 1073
432 1074
433 1075
434 1076
434 1077
435 1078
436 1079
437 1080
437 1081
438 1082
439 1083
439 1084
440 1085
441 1086
442 1087
442 1088
443 1089
444 1090
444 1091
445 1092
446 1093
446 1094
447 1095
448 1096
449 1097
449 1098
450 1099
451 1100
451 1101
452 1102
453 1103
454 1104
454 1105
455 1106
456 1107
456 1108
457 1109
458 1110
458 1111
459 1112
460 1113
460 1114
461 1115
462 1116
462 1117
463 1118
464 1119
464 1120
465 1121
466 1122
466 1123
467 1124
468 1125
468 1126
469 1127
469 1128
470 1129
471 1130
471 1131
472 1132
472 1133
473 1134
474 1135
474 1136
475 1137
475 1138
476 1139
476 1140
477 1141
477 1142
478 1143
478 1144
479 1145
480 1146
480 1147
481 1148
481 1149
481 1150
482 1151
483 1152
483 1153
484 1154
484 1155
485 1156
485 1157
486 1158
486 1159
487 1160
487 1161
488 1162
488 1163
489 1164
489 1165
490 1166
490 1167
491 1168
491 1169
492 1170
492 1171
493 1172
494 1173
494 1174
494 1175
495 1176
496 1177
496 1178
496 1179
497 1180
497 1181
498 1182
498 1183
499 1184
499 1185
500 1186
500 1187
501 1188
501 1189
502 1190
502 1191
503 1192
503 1193
504 1194
504 1195
504 1196
503 1197
503 1198
502 1199
502 1200
501 1201
500 1202
500 1203
499 1204
499 1205
498 1206
497 1207
497 1208
496 1209
496 1210
495 1211
495 1212
494 1213
493 1214
493 1215
492 1216
492 1217
491 1218
490 1219
490 1220
489 1221
489 1222
488 1223
487 1224
487 1225
486 1226
486 1227
485 1228
485 1229
484 1230
483 1231
483 1232
482 1233
481 1234
481 1235
480 1236
480 1237
479 1238
479 1239
478 1240
477 1241
477 1242
476 1243
476 1244
475 1245
474 1246
474 1247
473 1248
473 1249
472 1250
471 1251
471 1252
470 1253
470 1254
469 1255
468 1256
468 1257
467 1258
467 1259
466 1260
465 1261
465 1262
464 1263
464 1264
463 1265
462 1266
462 1267
461 1268
461 1269
460 1270
460 1271
459 1272
458 1273
458 1274
457 1275
457 1276
456 1277
455 1278
455 1279
454 1280
454 1281
453 1282
452 1283
452 1284
451 1285
451 1286
450 1287
449 1288
449 1289
448 1290
448 1291
447 1292
446 1293
446 1294
445 1295
445 1296
444 1297
443 1298
443 1299
442 1300
442 1301
441 1302
441 1303
440 1304
439 1305
439 1306
438 1307
438 1308
437 1309
436 1310
436 1311
435 1312
435 1313
434 1314
433 1315
433 1316
432 1317
432 1318
431 1319
430 1320
430 1321
429 1322
429 1323
428 1324
427 1325
427 1326
426 1327
426 1328
425 1329
424 1330
424 1331
423 1332
423 1333
422 1334
421 1335
421 1336
420 1337
420 1338
419 1339
418 1340
418 1341
417 1342
417 1343
416 1344
416 1345
415 1346
414 1347
414 1348
413 1349
413 1350
412 1351
411 1352
411 1353
410 1354
409 1355
409 1356
408 1357
408 1358
407 1359
406 1360
406 1361
405 1362
405 1363
404 1364
404 1365
403 1366
402 1367
402 1368
401 1369
401 1370
400 1371
399 1372
399 1373
398 1374
398 1375
397 1376
397 1377
396 1378
395 1379
395 1380
394 1381
394 1382
393 1383
392 1384
392 1385
391 1386
391 1387
390 1388
390 1389
389 1390
388 1391
388 1392
387 1393
387 1394
386 1395
385 1396
385 1397
384 1398
384 1399
383 1400
382 1401
382 1402
381 1403
381 1404
380 1405
380 1406
379 1407
378 1408
378 1409
377 1410
377 1411
376 1412
375 1413
375 1414
374 1415
374 1416
373 1417
373 1418
372 1419
371 1420
371 1421
370 1422
370 1423
369 1424
368 1425
368 1426
367 1427
367 1428
366 1429
365 1430
365 1431
364 1432
364 1433
363 1434
362 1435
362 1436
361 1437
361 1438
360 1439
359 1440
359 1441
358 1442
358 1443
357 1444
356 1445
356 1446
355 1447
355 1448
354 1449
353 1450
353 1451
352 1452
352 1453
351 1454
350 1455
350 1456
349 1457
349 1458
348 1459
347 1460
347 1461
346 1462
346 1463
345 1464
344 1465
344 1466
343 1467
343 1468
342 1469
341 1470
341 1471
340 1472
340 1473
339 1474
339 1475
338 1476
337 1477
337 1478
336 1479
336 1480
335 1481
334 1482
334 1483
333 1484
333 1485
332 1486
331 1487
331 1488
330 1489
330 1490
329 1491
328 1492
328 1493
327 1494
327 1495
326 1496
325 1497
325 1498
324 1499
324 1500
323 1501
322 1502
322 1503
321 1504
321 1505
320 1506
319 1507
319 1508
318 1509
318 1510
317 1511
317 1512
316 1513
315 1514
315 1515
314 1516
314 1517
313 1518
312 1519
312 1520
311 1521
311 1522
310 1523
310 1524
309 1525
308 1526
308 1527
307 1528
306 1529
306 1530
305 1531
305 1532
304 1533
304 1534
303 1535
302 1536
302 1537
301 1538
301 1539
300 1540
299 1541
299 1542
298 1543
298 1544
297 1545
296 1546
296 1547
295 1548
295 1549
294 1550
293 1551
293 1552
293 1553
292 1554
291 1555
290 1556
290 1557
289 1558
289 1559
288 1560
287 1561
287 1562
286 1563
286 1564
285 1565
285 1566
284 1567
283 1568
283 1569
282 1570
282 1571
281 1572
280 1573
280 1574
279 1575
279 1576
278 1577
277 1578
277 1579
276 1580
276 1581
275 1582
274 1583
274 1584
273 1585
273 1586
272 1587
271 1588
271 1589
270 1590
270 1591
269 1592
269 1593
268 1594
267 1595
267 1596
266 1597
266 1598
265 1599
264 1600
264 1601
263 1602
263 1603
262 1604
261 1605
261 1606
260 1607
260 1608
259 1609
258 1610
258 1611
257 1612
257 1613
256 1614
256 1615
255 1616
254 1617
254 1618
253 1619
253 1620
252 1621
251 1622
251 1623
250 1624
250 1625
249 1626
248 1627
248 1628
247 1629
247 1630
246 1631
246 1632
245 1633
244 1634
244 1635
243 1636
243 1637
242 1638
241 1639
241 1640
240 1641
240 1642
239 1643
239 1644
238 1645
237 1646
237 1647
236 1648
236 1649
235 1650
234 1651
234 1652
233 1653
232 1654
232 1655
231 1656
231 1657
230 1658
230 1659
229 1660
228 1661
228 1662
227 1663
226 1664
225 1663
225 1662
225 1661
225 1660
225 1659
225 1658
225 1657
225 1656
224 1655
224 1654
224 1653
224 1652
224 1651
224 1650
224 1649
224 1648
224 1647
224 1646
224 1645
224 1644
224 1643
224 1642
224 1641
224 1640
224 1639
224 1638
224 1637
224 1636
224 1635
224 1634
224 1633
224 1632
224 1631
224 1630
224 1629
224 1628
224 1627
224 1626
224 1625
225 1624
225 1623
225 1622
225 1621
225 1620
225 1619
226 1618
226 1617
226 1616
226 1615
226 1614
226 1613
227 1612
227 1611
227 1610
227 1609
228 1608
228 1607
228 1606
228 1605
229 1604
229 1603
229 1602
230 1601
230 1600
230 1599
230 1598
231 1597
231 1596
231 1595
232 1594
232 1593
232 1592
232 1591
233 1590
233 1589
233 1588
234 1587
234 1586
234 1585
234 1584
235 1583
235 1582
235 1581
235 1580
236 1579
236 1578
236 1577
236 1576
237 1575
237 1574
237 1573
237 1572
237 1571
238 1570
238 1569
238 1568
238 1567
239 1566
239 1565
239 1564
239 1563
239 1562
240 1561
240 1560
240 1559
240 1558
241 1557
241 1556
241 1555
241 1554
241 1553
241 1552
242 1551
242 1550
242 1549
242 1548
242 1547
243 1546
243 1545
243 1544
243 1543
243 1542
243 1541
243 1540
243 1539
244 1538
244 1537
244 1536
244 1535
244 1534
244 1533
244 1532
244 1531
244 1530
244 1529
244 1528
244 1527
244 1526
244 1525
245 1524
245 1523
245 1522
245 1521
245 1520
245 1519
245 1518
245 1517
245 1516
245 1515
245 1514
245 1513
245 1512
245 1511
245 1510
245 1509
245 1508
245 1507
245 1506
245 1505
245 1504
245 1503
245 1502
244 1501
244 1500
244 1499
244 1498
244 1497
244 1496
244 1495
244 1494
244 1493
243 1492
243 1491
243 1490
243 1489
243 1488
243 1487
243 1486
243 1485
243 1484
242 1483
242 1482
242 1481
242 1480
242 1479
242 1478
242 1477
241 1476
241 1475
241 1474
241 1473
241 1472
240 1471
240 1470
240 1469
240 1468
239 1467
239 1466
239 1465
239 1464
238 1463
238 1462
238 1461
237 1460
237 1459
237 1458
237 1457
236 1456
236 1455
236 1454
235 1453
235 1452
235 1451
234 1450
234 1449
233 1448
233 1447
232 1446
232 1445
232 1444
231 1443
231 1442
230 1441
230 1440
229 1439
229 1438
228 1437
228 1436
227 1435
227 1434
226 1433
225 1432
225 1431
224 1430
223 1429
223 1428
222 1427
221 1426
221 1425
220 1424
219 1423
219 1422
218 1421
217 1420
217 1419
216 1418
215 1417
214 1416
214 1415
213 1414
212 1413
211 1412
210 1411
209 1410
208 1409
207 1408
206 1407
205 1406
204 1405
203 1404
202 1403
201 1402
200 1401
199 1400
198 1399
197 1398
196 1397
195 1396
194 1395
193 1394
192 1393
191 1392
190 1391
189 1390
188 1389
187 1388
186 1387
185 1387
184 1386
183 1385
182 1384
181 1383
180 1382
179 1382
178 1381
177 1380
176 1380
175 1379
174 1378
173 1378
172 1377
171 1376
170 1376
169 1375
168 1374
167 1374
166 1373
165 1372
164 1372
163 1371
162 1370
161 1370
160 1369
159 1369
158 1368
157 1367
156 1367
155 1366
154 1366
153 1365
152 1365
151 1364
150 1363
149 1363
148 1362
147 1362
146 1361
145 1361
144 1360
143 1359
142 1359
141 1358
140 1358
139 1357
138 1357
137 1356
136 1355
135 1355
134 1354
133 1354
132 1353
131 1352
130 1352
129 1351
128 1351
127 1350
126 1350
125 1349
124 1349
123 1348
122 1348
121 1347
120 1346
119 1346
118 1345
117 1345
116 1344
115 1344
114 1343
113 1342
112 1342
111 1341
110 1341
109 1340
108 1340
107 1339
106 1339
105 1338
104 1338
103 1337
102 1336
101 1335
101 1334
102 1333
102 1332
103 1331
104 1330
105 1329
105 1328
106 1327
107 1326
107 1325
108 1324
109 1323
109 1322
110 1321
111 1320
112 1319
112 1318
113 1317
114 1316
114 1315
115 1314
116 1313
116 1312
117 1311
118 1310
118 1309
119 1308
120 1307
120 1306
121 1305
122 1304
122 1303
123 1302
124 1301
124 1300
125 1299
126 1298
126 1297
127 1296
127 1295
128 1294
129 1293
129 1292
130 1291
131 1290
131 1289
132 1288
132 1287
133 1286
134 1285
134 1284
135 1283
136 1282
136 1281
137 1280
137 1279
138 1278
139 1277
139 1276
140 1275
140 1274
141 1273
141 1272
142 1271
143 1270
143 1269
144 1268
144 1267
145 1266
145 1265
146 1264
147 1263
147 1262
148 1261
148 1260
149 1259
149 1258
150 1257
151 1256
151 1255
152 1254
152 1253
153 1252
154 1251
154 1250
155 1249
155 1248
156 1247
157 1246
157 1245
158 1244
158 1243
159 1242
159 1241
160 1240
160 1239
161 1238
161 1237
162 1236
163 1235
163 1234
164 1233
164 1232
164 1231
164 1230
165 1229
165 1228
166 1227
166 1226
167 1225
167 1224
168 1223
168 1222
169 1221
169 1220
170 1219
170 1218
171 1217
171 1216
172 1215
172 1214
172 1213
173 1212
173 1211
174 1210
174 1209
175 1208
175 1207
176 1206
176 1205
176 1204
177 1203
177 1202
178 1201
178 1200
178 1199
179 1198
179 1197
179 1196
180 1195
180 1194
181 1193
181 1192
181 1191
182 1190
182 1189
182 1188
183 1187
183 1186
183 1185
184 1184
184 1183
184 1182
185 1181
185 1180
185 1179
186 1178
186 1177
186 1176
187 1175
187 1174
187 1173
188 1172
188 1171
188 1170
189 1169
189 1168
190 1167
190 1166
190 1165
190 1164
191 1163
191 1162
192 1161
192 1160
192 1159
192 1158
193 1157
193 1156
193 1155
194 1154
194 1153
194 1152
194 1151
195 1150
195 1149
195 1148
196 1147
196 1146
196 1145
196 1144
197 1143
197 1142
197 1141
197 1140
198 1139
198 1138
198 1137
199 1136
199 1135
199 1134
199 1133
199 1132
200 1131
200 1130
200 1129
200 1128
201 1127
201 1126
201 1125
201 1124
202 1123
202 1122
202 1121
202 1120
203 1119
203 1118
203 1117
203 1116
204 1115
204 1114
204 1113
204 1112
204 1111
205 1110
205 1109
205 1108
205 1107
206 1106
206 1105
206 1104
206 1103
206 1102
207 1101
207 1100
207 1099
207 1098
207 1097
208 1096
208 1095
208 1094
208 1093
209 1092
209 1091
209 1090
209 1089
209 1088
210 1087
210 1086
210 1085
210 1084
210 1083
211 1082
211 1081
211 1080
211 1079
211 1078
211 1077
212 1076
212 1075
212 1074
212 1073
212 1072
213 1071
213 1070
213 1069
213 1068
213 1067
214 1066
214 1065
214 1064
214 1063
214 1062
215 1061
215 1060
215 1059
215 1058
215 1057
215 1056
216 1055
216 1054
216 1053
216 1052
216 1051
216 1050
217 1049
217 1048
217 1047
217 1046
217 1045
218 1044
218 1043
218 1042
218 1041
218 1040
218 1039
219 1038
219 1037
219 1036
219 1035
219 1034
220 1033
220 1032
220 1031
220 1030
220 1029
220 1028
221 1027
221 1026
221 1025
221 1024
221 1023
222 1022
222 1021
222 1020
222 1019
222 1018
223 1017
223 1016
223 1015
223 1014
223 1013
223 1012
224 1011
224 1010
224 1009
224 1008
224 1007
225 1006
225 1005
225 1004
225 1003
226 1002
226 1001
226 1000
226 999
227 998
227 997
227 996
227 995
227 994
228 993
228 992
228 991
228 990
229 989
229 988
229 987
229 986
230 985
230 984
230 983
230 982
231 981
231 980
231 979
231 978
232 977
232 976
232 975
232 974
233 973
233 972
233 971
234 970
234 969
234 968
234 967
235 966
235 965
235 964
236 963
236 962
236 961
236 960
237 959
237 958
237 957
238 956

