1139  79
1140  79
1141  80
1142  80
1143  80
1144  80
1145  80
1146  81
1147  81
1148  81
1149  82
1150  82
1151  82
1152  82
1153  83
1154  83
1155  83
1156  83
1157  84
1158  84
1159  84
1160  84
1161  85
1162  85
1163  85
1164  86
1165  86
1166  86
1167  87
1168  87
1169  87
1170  87
1171  88
1172  88
1173  88
1174  89
1175  89
1176  89
1177  89
1178  90
1179  90
1180  90
1181  91
1182  91
1183  91
1184  92
1185  92
1186  92
1187  93
1188  94
1189  94
1190  95
1191  96
1192  96
1193  97
1194  98
1195  99
1196  100
1197  101
1198  102
1198  103
1198  104
1199  105
1199  106
1199  107
1198  108
1198  109
1198  110
1197  111
1197  112
1196  113
1195  114
1195  115
1194  116
1194  117
1193  118
1192  119
1191  120
1191  121
1190  122
1190  123
1189  124
1189  125
1188  126
1188  127
1188  128
1188  129
1188  130
1188  131
1188  132
1188  133
1188  134
1188  135
1188  136
1188  137
1188  138
1189  139
1189  140
1190  141
1191  142
1192  143
1193  144
1194  145
1195  146
1196  147
1197  148
1198  149
1199  150
1200  151
1201  151
1202  151
1203  152
1204  152
1205  152
1206  153
1207  153
1208  153
1209  153
1210  153
1211  153
1212  154
1213  154
1214  154
1215  154
1216  154
1217  154
1218  154
1219  154
1220  154
1221  154
1222  154
1223  154
1224  154
1225  153
1226  153
1227  153
1228  153
1229  153
1230  152
1231  152
1232  152
1233  151
1234  151
1235  150
1236  150
1237  150
1238  149
1239  148
1240  147
1241  146
1242  145
1243  144
1243  143
1244  142
1244  141
1245  140
1245  139
1245  138
1245  137
1245  136
1245  135
1245  134
1245  133
1245  132
1244  131
1244  130
1244  129
1243  128
1242  127
1241  126
1241  125
1241  124
1240  123
1240  122
1239  121
1239  120
1238  119
1238  118
1238  117
1238  116
1238  115
1237  114
1237  113
1238  112
1238  111
1238  110
1239  109
1240  108
1240  107
1241  106
1241  105
1242  104
1243  103
1244  102
1245  101
1246  101
1247  101
1248  101
1249  101
1250  101
1251  101
1252  101
1253  101
1254  101
1255  101
1256  101
1257  101
1258  101
1259  101
1260  101
1261  102
1262  102
1263  102
1264  102
1265  102
1266  102
1267  103
1268  103
1269  103
1270  103
1271  103
1272  103
1273  103
1274  104
1275  104
1276  104
1277  104
1278  105
1279  105
1280  105
1281  105
1282  105
1283  105
1284  106
1285  106
1286  106
1287  106
1288  106
1289  106
1290  107
1291  107
1292  107
1293  108
1294  108
1295  108
1296  108
1297  108
1298  108
1299  109
1300  109
1301  109
1302  109
1303  110
1304  111
1304  112
1304  113
1304  114
1304  115
1304  116
1303  117
1303  118
1303  119
1303  120
1303  121
1303  122
1303  123
1303  124
1303  125
1302  126
1302  127
1302  128
1302  129
1302  130
1302  131
1302  132
1302  133
1302  134
1302  135
1302  136
1301  137
1301  138
1301  139
1301  140
1301  141
1301  142
1300  143
1300  144
1300  145
1300  146
1300  147
1300  148
1300  149
1300  150
1300  151
1299  152
1299  153
1299  154
1299  155
1299  156
1299  157
1299  158
1299  159
1298  160
1298  161
1298  162
1298  163
1298  164
1298  165
1298  166
1298  167
1298  168
1298  169
1298  170
1297  171
1297  172
1297  173
1297  174
1297  175
1296  176
1296  177
1296  178
1296  179
1296  180
1296  181
1296  182
1296  183
1296  184
1296  185
1295  186
1295  187
1295  188
1295  189
1295  190
1295  191
1295  192
1295  193
1294  194
1294  195
1294  196
1294  197
1294  198
1294  199
1294  200
1294  201
1293  202
1293  203
1293  204
1293  205
1293  206
1293  207
1293  208
1293  209
1293  210
1292  211
1292  212
1292  213
1292  214
1292  215
1292  216
1292  217
1292  218
1292  219
1292  220
1291  221
1291  222
1291  223
1291  224
1291  225
1291  226
1291  227
1291  228
1290  229
1290  230
1290  231
1290  232
1290  233
1290  234
1290  235
1290  236
1289  237
1289  238
1289  239
1289  240
1289  241
1289  242
1289  243
1289  244
1289  245
1288  246
1288  247
1288  248
1288  249
1288  250
1288  251
1288  252
1288  253
1288  254
1287  255
1287  256
1287  257
1287  258
1287  259
1287  260
1287  261
1287  262
1287  263
1286  264
1286  265
1286  266
1286  267
1286  268
1286  269
1286  270
1286  271
1286  272
1285  273
1285  274
1285  275
1285  276
1285  277
1285  278
1285  279
1285  280
1285  281
1284  282
1284  283
1284  284
1284  285
1284  286
1284  287
1284  288
1284  289
1283  290
1283  291
1283  292
1283  293
1283  294
1283  295
1283  296
1283  297
1282  298
1282  299
1282  300
1282  301
1282  302
1282  303
1282  304
1282  305
1281  306
1281  307
1281  308
1281  309
1281  310
1281  311
1281  312
1280  313
1280  314
1280  315
1280  316
1280  317
1280  318
1280  319
1280  320
1279  321
1279  322
1279  323
1279  324
1279  325
1279  326
1278  327
1278  328
1278  329
1278  330
1278  331
1278  332
1278  333
1278  334
1277  335
1277  336
1277  337
1276  338
1276  339
1275  340
1274  341
1273  341
1272  342
1271  342
1270  343
1269  343
1268  343
1267  343
1266  343
1265  343
1264  343
1263  342
1262  342
1261  342
1260  342
1259  342
1258  342
1257  341
1256  341
1255  341
1254  341
1253  341
1252  341
1251  341
1250  341
1249  340
1248  340
1247  340
1246  340
1245  340
1244  340
1243  340
1242  340
1241  339
1240  339
1239  339
1238  339
1237  339
1236  339
1235  339
1234  339
1233  339
1232  338
1231  338
1230  338
1229  338
1228  338
1227  338
1226  338
1225  338
1224  337
1223  337
1222  337
1221  337
1220  337
1219  337
1218  337
1217  337
1216  337
1215  336
1214  336
1213  336
1212  336
1211  336
1210  336
1209  336
1208  336
1207  335
1206  335
1205  335
1204  335
1203  335
1202  335
1201  335
1200  335
1199  334
1198  334
1197  334
1196  334
1195  334
1194  334
1193  334
1192  334
1191  334
1190  334
1189  333
1188  333
1187  333
1186  333
1185  333
1184  333
1183  333
1182  332
1181  332
1180  332
1179  332
1178  332
1177  332
1176  332
1175  332
1174  332
1173  332
1172  332
1171  331
1170  331
1169  331
1168  331
1167  331
1166  331
1165  331
1164  330
1163  330
1162  330
1161  330
1160  330
1159  330
1158  330
1157  330
1156  330
1155  330
1154  329
1153  329
1152  329
1151  329
1150  329
1149  329
1148  329
1147  329
1146  329
1145  328
1144  328
1143  328
1142  328
1141  328
1140  328
1139  328
1138  327
1137  327
1136  327
1135  327
1134  327
1133  327
1132  327
1131  327
1130  327
1129  326
1128  326
1127  326
1126  326
1125  326
1124  326
1123  326
1122  326
1121  326
1120  326
1119  326
1118  325
1117  325
1116  325
1115  325
1114  325
1113  325
1112  325
1111  325
1110  325
1109  324
1108  324
1107  324
1106  324
1105  324
1104  324
1103  324
1102  323
1101  323
1100  323
1099  323
1098  323
1097  323
1096  323
1095  323
1094  323
1093  323
1092  322
1091  322
1090  322
1089  322
1088  322
1087  322
1086  322
1085  321
1084  321
1083  321
1082  320
1081  319
1080  318
1080  317
1079  316
1079  315
1079  314
1079  313
1079  312
1079  311
1079  310
1079  309
1079  308
1079  307
1079  306
1079  305
1079  304
1079  303
1080  302
1080  301
1080  300
1080  299
1080  298
1080  297
1080  296
1080  295
1080  294
1080  293
1080  292
1080  291
1080  290
1080  289
1080  288
1080  287
1081  286
1081  285
1081  284
1081  283
1081  282
1081  281
1081  280
1081  279
1081  278
1082  277
1082  276
1082  275
1082  274
1082  273
1082  272
1083  271
1083  270
1083  269
1084  268
1084  267
1085  266
1085  265
1085  264
1086  263
1087  262
1087  261
1088  260
1088  259
1089  258
1090  257
1090  256
1091  255
1092  254
1093  253
1094  252
1095  251
1096  251
1097  251
1098  251
1099  251
1100  251
1101  252
1102  252
1103  252
1104  253
1105  254
1106  254
1107  254
1108  255
1109  255
1110  256
1111  256
1112  257
1113  257
1114  258
1115  258
1116  259
1117  259
1118  259
1119  259
1120  259
1121  259
1122  259
1123  259
1124  259
1125  259
1126  259
1127  259
1128  259
1129  258
1130  258
1131  257
1132  256
1133  255
1134  254
1135  253
1136  252
1137  251
1138  250
1139  249
1139  248
1140  247
1140  246
1141  245
1141  244
1142  243
1142  242
1142  241
1143  240
1143  239
1143  238
1144  237
1144  236
1144  235
1144  234
1144  233
1144  232
1145  231
1145  230
1145  229
1145  228
1145  227
1145  226
1145  225
1145  224
1145  223
1145  222
1145  221
1145  220
1145  219
1145  218
1145  217
1145  216
1144  215
1144  214
1144  213
1144  212
1143  211
1143  210
1142  209
1141  208
1140  207
1139  206
1138  205
1137  204
1136  204
1135  203
1134  203
1133  202
1132  202
1131  202
1130  201
1129  201
1128  201
1127  201
1126  201
1125  201
1124  201
1123  201
1122  201
1121  201
1120  201
1119  201
1118  202
1117  202
1116  202
1115  202
1114  202
1113  202
1112  202
1111  203
1110  203
1109  203
1108  203
1107  203
1106  203
1105  203
1104  203
1103  202
1102  202
1101  201
1100  200
1099  199
1098  198
1097  197
1096  196
1095  195
1095  194
1094  193
1094  192
1093  191
1093  190
1093  189
1093  188
1092  187
1092  186
1092  185
1091  184
1091  183
1091  182
1091  181
1091  180
1091  179
1091  178
1092  177
1092  176
1092  175
1092  174
1092  173
1092  172
1093  171
1093  170
1093  169
1094  168
1094  167
1094  166
1094  165
1095  164
1095  163
1096  162
1096  161
1096  160
1097  159
1097  158
1098  157
1098  156
1099  155
1099  154
1100  153
1100  152
1101  151
1101  150
1102  149
1102  148
1103  147
1103  146
1104  145
1105  144
1105  143
1105  142
1106  141
1107  140
1107  139
1108  138
1109  137
1109  136
1110  135
1111  134
1111  133
1112  132
1113  131
1113  130
1114  129
1115  128
1115  127
1116  126
1117  125
1117  124
1118  123
1119  122
1119  121
1120  120
1121  119
1121  118
1122  117
1122  116
1123  115
1123  114
1124  113
1125  112
1125  111
1126  110
1126  109
1127  108
1127  107
1128  106
1129  105
1129  104
1130  103
1130  102
1131  101
1131  100
1132  99
1132  98
1132  97
1133  96
1133  95
1133  94
1134  93
1134  92
1135  91
1135  90
1135  89
1135  88
1136  87
1136  86
1136  85
1136  84
1137  83
1137  82
1138  81
1138  80
1138  80
