336 490
337 489
338 488
339 487
340 486
341 485
341 484
342 483
343 482
343 482
344 481
345 481
346 481
347 482
348 483
348 484
349 485
350 486
350 487
351 488
352 489
352 490
353 491
354 492
355 493
355 494
356 495
357 496
358 497
358 498
359 499
360 500
361 501
362 502
363 503
363 504
364 505
365 506
366 507
366 508
367 509
368 510
369 511
370 512
371 513
372 514
373 515
373 516
374 517
375 518
376 519
377 520
378 521
379 522
380 523
381 524
382 525
383 526
384 527
385 528
386 529
387 530
388 531
389 532
390 533
391 533
392 534
393 535
394 536
395 536
396 537
397 538
398 539
399 539
400 540
401 541
402 542
403 543
404 543
405 544
406 545
407 545
408 546
409 547
410 547
411 548
412 549
413 549
414 550
415 551
416 551
417 552
418 553
419 553
420 554
421 555
422 555
423 556
424 556
425 557
426 557
427 558
428 559
429 559
430 559
431 560
432 560
433 561
434 561
435 562
436 562
437 562
438 563
439 563
440 564
441 564
442 564
443 565
444 565
445 565
446 566
447 566
448 567
449 567
450 567
451 568
452 568
453 568
454 569
455 569
456 569
457 569
458 570
459 570
460 570
461 571
462 571
463 571
464 571
465 571
466 571
467 571
468 572
469 572
470 572
471 572
472 572
473 573
474 573
475 573
476 573
477 573
478 573
479 573
480 574
481 574
482 574
483 574
484 574
485 574
486 574
487 575
488 575
489 575
490 576
491 576
492 576
493 576
494 577
495 577
496 577
497 578
498 578
499 578
500 579
501 579
502 579
503 579
504 580
505 580
506 581
507 581
508 582
509 582
510 583
511 583
512 583
513 584
514 584
515 585
516 585
517 586
518 586
519 587
520 588
521 588
522 588
523 588
524 589
525 590
526 591
527 592
528 593
529 594
530 595
531 595
532 596
533 597
534 598
535 599
536 599
537 600
538 601
539 602
540 603
541 604
542 605
543 605
544 606
545 607
546 608
547 609
548 610
549 611
550 612
551 613
552 614
553 615
554 616
555 616
556 617
557 618
558 619
559 620
560 621
561 622
562 623
563 623
564 624
565 625
566 626
567 627
568 627
569 628
570 629
571 630
572 631
572 632
572 633
572 634
571 635
571 636
570 637
569 638
568 639
568 640
567 641
567 642
566 643
565 644
564 645
564 646
563 647
562 648
561 649
561 650
560 651
559 652
559 653
558 654
557 655
556 656
555 657
555 658
554 659
553 660
552 661
552 662
551 663
550 664
549 665
548 666
548 667
547 668
546 669
545 670
544 671
543 672
542 673
541 674
540 675
539 676
538 677
537 678
536 679
536 680
535 681
534 682
533 683
532 684
531 685
530 686
529 687
528 688
527 689
526 690
525 691
524 692
523 693
522 694
521 695
521 696
520 697
519 698
518 699
517 700
516 701
515 702
515 703
514 704
513 705
513 706
512 707
511 708
510 709
510 710
509 711
509 712
508 713
507 714
506 715
506 716
505 717
504 718
504 719
503 720
502 721
502 722
501 723
500 724
500 725
499 726
498 727
498 728
497 729
496 730
495 731
495 732
494 733
493 734
493 735
492 736
491 737
491 738
490 739
489 740
489 741
488 742
487 743
487 744
486 745
486 746
485 747
484 748
484 749
483 750
482 751
482 752
481 753
481 754
480 755
480 756
479 757
478 758
478 759
477 760
476 761
475 761
474 761
473 761
472 761
471 761
470 761
469 761
468 761
467 761
466 761
465 761
464 761
463 761
462 761
461 761
460 762
459 762
458 762
457 762
456 762
455 762
454 762
453 762
452 762
451 762
450 762
449 762
448 762
447 762
446 762
445 762
444 762
443 762
442 762
441 762
440 762
439 762
438 762
437 762
436 762
435 763
434 763
433 764
432 764
431 764
430 764
429 765
428 765
427 765
426 765
425 765
424 765
423 765
422 766
421 766
420 766
419 766
418 766
417 766
416 766
415 767
414 767
413 767
412 767
411 767
410 767
409 767
408 767
407 768
406 768
405 768
404 768
403 768
402 768
401 768
400 768
399 768
398 768
397 768
396 768
395 768
394 768
393 768
392 768
391 768
390 768
389 768
388 768
387 768
386 768
385 768
384 768
383 767
382 767
381 767
380 767
379 767
378 767
377 767
376 766
376 765
376 764
377 763
378 762
379 761
380 760
380 759
381 758
382 757
383 756
384 755
385 754
386 753
387 752
388 751
389 750
390 749
391 748
392 747
392 746
393 745
394 744
395 743
396 742
397 741
398 740
399 739
400 738
401 737
402 736
403 735
404 734
405 733
405 732
406 731
407 730
408 729
409 728
410 727
411 726
412 725
412 724
413 723
414 722
415 721
415 720
416 719
417 718
418 717
419 716
419 715
420 714
421 713
421 712
422 711
423 710
423 709
424 708
425 707
425 706
426 705
426 704
427 703
427 702
428 701
429 700
429 699
430 698
430 697
431 696
431 695
431 694
432 693
432 692
433 691
433 690
433 689
434 688
434 687
434 686
435 685
435 684
435 683
435 682
436 681
436 680
436 679
436 678
437 677
437 676
437 675
437 674
437 673
437 672
437 671
437 670
438 669
438 668
438 667
438 666
438 665
438 664
438 663
438 662
438 661
438 660
438 659
438 658
438 657
438 656
438 655
438 654
438 653
438 652
437 651
437 650
437 649
437 648
437 647
437 646
436 645
436 644
436 643
435 642
434 641
434 640
433 639
433 638
432 637
431 636
431 635
430 634
429 633
429 632
428 631
427 630
426 629
425 628
424 627
423 626
422 625
421 624
420 624
419 623
418 622
417 621
416 621
415 620
414 619
413 619
412 618
411 618
410 617
409 617
408 617
407 616
406 616
405 616
404 615
403 615
402 615
401 615
400 614
399 614
398 614
397 614
396 614
395 614
394 614
393 614
392 614
391 613
390 613
389 613
388 613
387 613
386 613
385 613
384 613
383 613
382 613
381 613
380 613
379 613
378 613
377 613
376 614
375 614
374 614
373 614
372 614
371 614
370 614
369 615
368 615
367 615
366 615
365 615
364 615
363 615
362 615
361 615
360 616
359 616
358 616
357 616
356 616
355 616
354 616
353 616
352 616
351 616
350 616
349 616
348 617
347 617
346 617
345 617
344 617
343 617
342 617
341 617
340 617
339 617
338 617
337 617
336 617
335 617
334 617
333 617
332 617
331 617
330 617
329 617
328 617
327 617
326 617
325 617
324 617
323 617
322 617
321 617
320 617
319 617
318 616
317 616
316 616
315 615
314 615
313 615
312 615
311 614
310 614
309 614
308 613
307 613
306 612
305 612
304 611
303 611
302 610
301 610
300 609
299 609
298 608
297 608
296 607
295 607
294 606
293 605
292 605
291 604
290 604
289 603
288 602
287 602
286 601
285 601
284 600
283 599
282 598
281 598
280 597
279 596
278 595
277 595
276 594
275 593
274 592
273 592
272 591
271 590
270 590
269 589
268 588
267 588
266 587
265 586
265 585
265 584
266 583
266 582
267 581
267 580
268 579
268 578
269 577
269 576
270 575
270 574
271 573
272 572
272 571
273 570
273 569
274 568
274 567
275 566
275 565
276 564
276 563
277 562
278 561
278 560
279 559
279 558
280 557
281 556
282 555
282 554
283 553
283 552
284 551
285 550
286 549
286 548
287 547
288 546
289 545
289 544
290 543
291 542
292 541
293 540
294 539
294 538
295 537
296 536
297 535
297 534
298 533
299 532
300 531
301 530
302 529
302 528
303 527
304 526
305 525
306 524
307 523
308 522
309 521
309 520
310 519
311 518
312 517
313 516
314 515
314 514
315 513
316 512
317 511
318 510
319 509
320 508
321 507
321 506
322 505
323 504
324 503
325 502
326 501
327 500
328 499
328 498
329 497
330 496
331 495
332 494
333 493
334 492
335 491
