254  50
255  50
256  50
257  50
258  50
259  50
260  50
261  50
262  50
263  50
264  50
265  50
266  50
267  50
268  50
269  50
270  50
271  51
272  51
273  52
273  53
274  54
274  55
274  56
274  57
274  58
273  59
273  60
273  61
273  62
273  63
273  64
273  65
273  66
274  67
274  68
274  69
274  70
274  71
274  72
274  73
274  74
274  75
274  76
274  77
274  78
274  79
274  80
274  81
274  82
274  83
274  84
274  85
274  86
275  87
275  88
275  89
275  90
275  91
275  92
275  93
275  94
276  95
276  96
276  97
276  98
277  99
277  100
277  101
277  102
277  103
278  104
278  105
278  106
278  107
278  108
278  109
279  110
279  111
279  112
279  113
280  114
281  115
281  116
282  117
282  118
283  119
284  120
284  121
285  122
286  123
287  124
288  125
289  126
290  126
291  126
292  127
293  127
294  127
295  127
296  127
297  127
298  127
299  127
300  127
301  127
302  126
303  126
304  125
305  125
306  124
307  124
308  123
309  123
310  122
311  122
312  121
313  120
314  120
315  120
316  119
317  119
318  118
319  118
320  117
321  117
322  117
323  117
324  117
325  117
326  117
327  117
328  117
329  118
330  118
331  118
332  119
333  120
334  120
335  121
336  122
337  123
338  124
339  125
340  126
341  127
342  128
343  129
344  130
344  131
345  132
345  133
346  134
346  135
346  136
347  137
347  138
347  139
348  140
348  141
348  142
348  143
349  144
349  145
349  146
349  147
349  148
349  149
349  150
349  151
349  152
349  153
349  154
349  155
349  156
349  157
348  158
348  159
348  160
348  161
348  162
348  163
348  164
347  165
347  166
347  167
346  168
346  169
345  170
344  171
344  172
343  173
342  174
341  175
340  176
339  176
338  176
337  177
336  177
335  177
334  178
333  178
332  178
331  178
330  178
329  178
328  178
327  178
326  178
325  178
324  178
323  178
322  178
321  178
320  179
319  179
318  179
317  180
316  181
315  182
314  183
314  184
314  185
314  186
313  187
312  188
312  189
312  190
312  191
312  192
313  193
313  194
313  195
313  196
313  197
314  198
314  199
314  200
314  201
314  202
314  203
314  204
314  205
315  206
315  207
315  208
315  209
315  210
315  211
316  212
316  213
316  214
316  215
316  216
316  217
317  218
317  219
317  220
317  221
317  222
317  223
317  224
318  225
318  226
318  227
318  228
318  229
318  230
319  231
319  232
319  233
319  234
319  235
319  236
320  237
320  238
320  239
320  240
320  241
320  242
321  243
321  244
321  245
321  246
321  247
322  248
322  249
322  250
322  251
321  252
320  253
319  254
318  254
317  255
316  255
315  255
314  255
313  255
312  255
311  256
310  256
309  256
308  256
307  257
306  257
305  257
304  257
303  257
302  258
301  258
300  258
299  259
298  259
297  260
296  260
295  260
294  260
293  261
292  262
291  263
290  264
290  265
289  266
288  267
287  268
287  269
287  270
287  271
287  272
287  273
287  274
288  275
288  276
289  277
289  278
290  279
290  280
291  281
291  282
292  283
292  284
293  285
293  286
294  287
294  288
295  289
295  290
296  291
296  292
297  293
297  294
297  295
298  296
298  297
298  298
297  299
297  300
297  301
297  302
296  303
296  304
296  305
296  306
296  307
295  308
294  309
293  310
292  311
291  312
290  313
289  314
288  315
287  316
286  317
285  317
284  318
283  319
282  320
281  320
280  321
279  321
278  321
277  322
276  323
275  323
274  323
273  323
272  324
271  324
270  324
269  324
268  325
267  325
266  325
265  325
264  325
263  325
262  325
261  324
260  324
259  324
258  323
257  323
256  323
255  322
254  322
253  321
252  320
251  319
250  318
249  317
248  316
247  315
246  314
246  313
245  312
244  311
244  310
243  309
243  308
243  307
243  306
243  305
243  304
243  303
243  302
243  301
243  300
243  299
243  298
243  297
243  296
243  295
243  294
243  293
243  292
243  291
243  290
243  289
243  288
242  287
241  286
240  285
239  284
238  284
237  283
236  283
235  282
234  282
233  282
232  281
231  281
230  281
229  281
228  281
227  281
226  281
225  281
224  280
223  280
222  280
221  280
220  280
219  280
218  280
217  280
216  280
215  280
214  280
213  280
212  280
211  280
210  280
209  280
208  280
207  280
206  280
205  280
204  280
203  280
202  280
201  280
200  280
199  280
198  280
197  280
196  281
195  281
194  281
193  280
192  280
191  280
190  279
189  278
188  277
188  276
187  275
187  274
187  273
187  272
187  271
187  270
187  269
186  268
186  267
186  266
186  265
185  264
185  263
184  262
184  261
184  260
183  259
183  258
182  257
181  256
181  255
180  254
180  253
179  252
178  251
178  250
177  249
176  248
175  247
175  246
174  245
173  244
172  243
171  242
170  241
169  241
168  240
167  239
166  239
165  238
164  237
163  237
162  236
161  236
160  236
159  235
158  235
157  235
156  235
155  235
154  235
153  235
152  235
151  235
150  235
149  236
148  236
147  237
146  237
145  238
144  239
143  239
142  240
141  241
140  242
139  243
138  244
137  245
136  246
135  247
134  248
133  249
132  250
131  250
130  251
129  251
128  251
127  251
126  251
125  251
124  251
123  251
122  251
121  250
120  249
119  248
118  247
117  246
116  245
115  244
114  243
113  242
112  241
111  240
111  239
110  238
109  237
108  236
108  235
107  234
106  233
105  232
105  231
104  230
103  229
103  228
102  227
102  226
102  225
101  224
101  223
100  222
100  221
99  220
99  219
99  218
99  217
99  216
98  215
98  214
98  213
98  212
98  211
98  210
98  209
98  208
98  207
98  206
99  205
99  204
99  203
100  202
100  201
100  200
101  199
102  198
102  197
103  196
104  195
105  194
106  193
107  192
108  191
109  191
110  190
111  190
112  190
113  190
114  190
115  189
116  189
117  189
118  189
119  189
120  189
121  189
122  189
123  189
124  189
125  189
126  189
127  189
128  189
129  189
130  189
131  189
132  189
133  189
134  188
135  188
136  187
137  187
138  186
139  185
140  184
141  183
142  182
142  181
142  180
143  179
143  178
143  177
143  176
143  175
143  174
143  173
143  172
143  171
143  170
142  169
142  168
142  167
142  166
141  165
141  164
141  163
140  162
140  161
139  160
139  159
138  158
138  157
137  156
137  155
136  154
136  153
135  152
135  151
134  150
133  149
133  148
132  147
132  146
131  145
130  144
129  143
128  142
128  141
127  140
126  139
125  138
124  137
123  136
123  135
122  134
121  133
120  132
119  131
118  130
117  129
117  128
116  127
115  126
115  125
114  124
114  123
114  122
115  121
116  120
117  119
118  118
119  117
120  116
121  115
122  114
123  113
124  112
125  111
126  110
127  109
128  108
129  108
130  107
131  106
132  105
133  104
134  104
135  103
136  102
137  101
138  100
139  99
140  99
141  98
142  97
143  97
144  96
145  96
146  95
147  95
148  94
149  94
150  93
151  93
152  93
153  93
154  93
155  93
156  93
157  93
158  93
159  94
160  94
161  95
162  95
163  96
164  97
165  98
166  99
167  100
167  101
167  102
168  103
168  104
168  105
168  106
168  107
169  108
169  109
169  110
169  111
169  112
169  113
170  114
170  115
170  116
170  117
170  118
170  119
171  120
171  121
172  122
173  123
174  124
175  125
176  126
177  127
178  128
179  129
180  129
181  129
182  129
183  130
184  130
185  130
186  130
187  130
188  130
189  130
190  130
191  129
192  129
193  129
194  129
195  129
196  128
197  128
198  128
199  127
200  127
201  126
202  126
203  126
204  125
205  125
206  125
207  124
208  123
209  123
210  122
211  121
212  120
213  119
214  118
215  117
216  116
217  115
218  114
219  113
220  112
221  111
221  110
222  109
222  108
223  107
223  106
223  105
223  104
223  103
223  102
223  101
223  100
223  99
223  98
222  97
222  96
222  95
221  94
220  93
219  92
219  91
218  90
217  89
216  88
216  87
215  86
214  85
213  84
212  83
211  82
211  81
210  80
210  79
209  78
209  77
208  76
208  75
208  74
208  73
208  72
209  71
209  70
209  69
210  68
210  67
211  66
211  65
212  64
213  63
214  62
215  61
216  60
217  59
218  58
219  57
220  57
221  56
222  56
223  55
224  55
225  55
226  55
227  54
228  54
229  54
230  54
231  54
232  53
233  53
234  53
235  52
236  52
237  52
238  52
239  52
240  52
241  51
242  51
243  51
244  51
245  51
246  51
247  51
248  51
249  51
250  51
251  51
252  51
253  51
253  51
