141  38
142  38
143  38
144  38
145  39
146  39
147  39
148  39
149  39
150  39
151  39
152  39
153  39
154  40
155  40
156  40
157  40
158  40
159  41
160  41
161  41
162  41
163  42
164  42
165  42
166  42
167  43
168  43
169  44
170  44
171  45
172  45
173  46
174  46
175  47
176  48
177  48
178  49
179  50
180  51
181  51
182  52
183  53
184  54
184  55
185  56
186  57
187  58
188  59
188  60
189  61
190  62
190  63
191  64
192  65
192  66
192  67
193  68
193  69
194  70
194  71
195  72
195  73
195  74
196  75
196  76
196  77
197  78
197  79
197  80
198  81
198  82
198  83
198  84
198  85
199  86
199  87
199  88
199  89
199  90
199  91
200  92
200  93
200  94
200  95
200  96
200  97
201  98
201  99
201  100
201  101
201  102
201  103
201  104
201  105
202  106
202  107
202  108
202  109
202  110
202  111
202  112
202  113
202  114
202  115
203  116
203  117
203  118
203  119
203  120
203  121
203  122
203  123
203  124
203  125
203  126
204  127
204  128
204  129
204  130
204  131
204  132
204  133
204  134
204  135
204  136
204  137
204  138
205  139
205  140
205  141
205  142
205  143
205  144
205  145
206  146
206  147
206  148
206  149
206  150
206  151
206  152
207  153
207  154
207  155
207  156
207  157
207  158
208  159
208  160
208  161
208  162
209  163
209  164
209  165
210  166
210  167
210  168
211  169
211  170
211  171
212  172
212  173
212  174
213  175
213  176
214  177
214  178
215  179
215  180
216  181
216  182
217  183
218  184
218  185
219  186
220  187
221  188
222  189
223  190
224  191
225  192
226  193
227  194
228  194
229  195
230  196
231  196
232  197
233  197
234  198
235  198
236  199
237  199
238  199
239  200
240  200
241  200
242  201
243  201
244  201
245  201
246  202
247  202
248  202
249  202
250  202
251  202
252  202
253  203
254  203
255  203
256  203
257  203
258  203
259  203
260  203
261  203
262  203
263  203
264  203
265  203
266  203
267  203
268  203
269  203
270  203
271  203
272  203
273  202
274  202
275  202
276  202
277  202
278  202
279  202
280  202
281  202
282  201
283  201
284  201
285  201
286  201
287  201
288  200
289  200
290  200
291  200
292  200
293  199
294  199
295  199
296  199
297  199
298  198
299  198
300  198
301  198
302  197
303  197
304  197
305  197
306  196
307  196
308  196
309  195
310  195
311  195
312  195
313  194
314  194
315  193
315  194
315  195
315  196
315  197
315  198
316  199
316  200
316  201
316  202
316  203
316  204
316  205
316  206
316  207
316  208
317  209
317  210
317  211
317  212
317  213
317  214
317  215
317  216
317  217
317  218
318  219
318  220
318  221
318  222
318  223
318  224
318  225
318  226
318  227
318  228
319  229
319  230
319  231
319  232
319  233
319  234
319  235
319  236
319  237
319  238
320  239
320  240
320  241
320  242
320  243
320  244
320  245
320  246
320  247
320  248
321  249
321  250
321  251
321  252
321  253
321  254
321  255
321  256
321  257
321  258
322  259
322  260
322  261
322  262
322  263
322  264
322  265
322  266
322  267
322  268
323  269
323  270
323  271
323  272
323  273
323  274
323  275
323  276
323  277
323  278
324  279
324  280
324  281
324  282
324  283
324  284
324  285
324  286
324  287
324  288
325  289
325  290
325  291
325  292
325  293
325  294
325  295
325  296
325  297
325  298
326  299
326  300
326  301
326  302
326  303
326  304
326  305
326  306
326  307
326  308
327  309
327  310
327  311
327  312
327  313
327  314
327  315
327  316
327  317
327  318
328  319
328  320
328  321
328  322
328  323
328  324
328  325
328  326
328  327
328  328
329  329
329  330
329  331
329  332
329  333
329  334
329  335
329  336
329  337
329  338
330  339
330  340
330  341
330  342
330  343
330  344
330  345
330  346
330  347
330  348
331  349
331  350
331  351
331  352
331  353
330  354
330  353
329  353
328  353
328  352
327  352
326  352
325  352
324  352
323  352
322  352
322  351
321  351
320  351
319  351
318  351
317  351
316  351
315  351
315  350
314  350
313  350
312  350
311  350
310  349
310  348
309  348
308  348
307  348
306  348
306  347
305  347
304  347
303  347
302  347
301  347
300  347
299  346
298  346
297  346
296  346
295  346
295  345
294  345
293  345
292  345
291  345
290  345
289  344
288  344
287  344
286  344
285  344
284  344
284  343
283  343
282  343
281  343
280  343
279  343
278  343
277  343
276  343
275  343
274  343
273  343
272  343
271  343
270  343
269  343
268  343
267  343
266  343
265  343
264  343
263  343
262  343
261  343
260  343
259  343
258  343
257  343
256  343
255  343
254  343
253  343
252  343
251  343
250  343
249  343
248  343
247  343
246  344
246  343
245  344
244  344
243  344
242  344
241  344
240  344
239  344
238  344
237  344
236  344
235  344
234  344
233  344
232  344
231  344
230  344
229  344
228  344
227  344
226  344
226  343
225  343
224  343
223  343
222  343
221  343
220  343
219  343
218  343
217  343
216  343
215  343
214  343
213  342
212  342
211  342
210  342
209  342
208  342
207  342
206  342
205  342
204  342
203  342
202  342
201  342
200  342
199  342
198  342
197  342
196  342
195  342
194  342
193  342
192  342
191  342
190  342
189  342
188  342
187  342
186  342
185  342
184  342
183  342
182  342
181  342
180  342
179  342
178  342
177  342
176  342
175  342
174  342
173  342
172  342
171  342
170  342
169  342
168  342
167  343
167  342
166  343
165  343
164  343
163  344
162  344
161  344
160  344
159  344
158  345
157  345
156  345
155  345
154  345
153  345
152  345
151  345
150  345
149  345
148  345
147  345
146  345
145  345
144  345
143  345
142  345
141  345
140  345
139  346
138  346
137  346
136  346
135  346
134  346
133  346
132  346
131  347
130  347
129  347
128  347
127  348
127  347
126  348
125  348
124  349
124  350
123  350
122  350
121  351
121  350
120  351
119  351
118  351
117  351
116  352
116  351
115  352
114  352
113  353
113  352
112  353
111  353
110  353
109  353
108  354
107  354
106  355
106  354
105  355
104  355
103  355
102  355
101  355
100  355
99  355
99  354
99  353
99  352
99  351
99  350
99  349
99  348
98  348
98  347
98  346
98  345
98  344
98  343
98  342
98  341
98  340
98  339
98  338
98  337
98  336
98  335
98  334
98  333
98  332
98  331
98  330
98  329
98  328
98  327
98  326
98  325
98  324
98  323
98  322
98  321
98  320
98  319
98  318
98  317
98  316
98  315
98  314
98  313
98  312
98  311
98  310
98  309
98  308
98  307
98  306
98  305
98  304
98  303
98  302
98  301
98  300
98  299
98  298
98  297
98  296
98  295
98  294
98  293
98  292
98  291
98  290
98  289
98  288
98  287
98  286
98  285
98  284
98  283
98  282
98  281
98  280
98  279
98  278
98  277
98  276
98  275
98  274
98  273
98  272
98  271
98  270
98  269
98  268
98  267
98  266
98  265
98  264
98  263
98  262
98  261
98  260
98  259
98  258
98  257
98  256
98  255
98  254
98  253
98  252
98  251
98  250
98  249
98  248
98  247
98  246
98  245
98  244
98  243
98  242
98  241
98  240
97  240
96  240
96  239
96  238
96  237
96  236
96  235
96  234
95  233
95  232
95  231
95  230
94  230
94  229
94  228
93  227
93  226
92  225
92  224
92  223
91  222
91  221
90  220
89  219
88  219
88  218
87  218
87  217
87  216
86  215
86  214
85  214
85  213
84  213
84  212
83  211
82  210
82  209
81  209
80  209
79  208
79  207
79  206
78  205
77  204
76  204
76  203
75  203
75  202
74  202
74  201
73  201
72  201
72  200
72  199
71  198
71  197
70  197
70  196
70  195
69  195
69  194
69  193
68  193
68  192
68  191
68  190
67  190
67  189
67  188
67  187
66  187
66  186
66  185
65  184
65  183
65  182
65  181
64  181
63  181
63  180
63  179
63  178
62  177
62  176
62  175
62  174
61  174
61  173
61  172
60  172
60  171
60  170
60  169
59  169
59  168
59  167
59  166
59  165
58  164
58  163
58  162
57  161
57  160
57  159
57  158
57  157
56  157
55  157
55  156
55  155
55  154
55  153
55  152
55  151
55  150
55  149
55  148
55  147
55  146
55  145
55  144
55  143
55  142
55  141
55  140
55  139
55  138
55  137
55  136
55  135
55  134
55  133
55  132
55  131
55  130
55  129
55  128
55  127
55  126
55  125
55  124
55  123
55  122
55  121
55  120
55  119
55  118
55  117
55  116
55  115
55  114
55  113
55  112
55  111
55  110
55  109
55  108
55  107
55  106
55  105
55  104
56  103
57  102
57  101
57  100
57  99
57  98
57  97
58  96
58  95
58  94
58  93
58  92
59  91
59  90
59  89
59  88
59  87
60  86
60  85
60  84
61  83
61  82
62  81
62  80
62  79
62  78
62  77
62  76
63  75
63  74
64  73
64  72
65  71
65  70
66  69
66  68
67  67
67  66
67  65
67  64
68  63
68  62
68  61
69  60
69  59
70  58
71  57
72  57
73  56
73  55
73  54
74  53
74  52
75  51
75  50
76  50
77  49
78  49
79  49
80  49
81  48
82  48
83  48
84  48
85  47
86  47
87  47
88  46
89  46
90  46
91  46
92  45
93  45
94  45
95  45
96  44
97  44
98  44
99  44
100  44
101  43
102  43
103  43
104  43
105  42
106  42
107  42
108  42
109  42
110  41
111  41
112  41
113  41
114  41
115  41
116  40
117  40
118  40
119  40
120  40
121  40
122  40
123  40
124  39
125  39
126  39
127  39
128  39
129  39
130  39
131  39
132  39
133  39
134  39
135  39
136  39
137  39
138  39
139  39
140  39
140  39
