251  675
252  675
253  675
254  676
255  676
256  677
257  677
258  678
259  678
260  679
261  679
262  680
263  681
264  681
265  682
266  682
267  683
268  684
269  684
270  685
271  685
272  686
273  687
274  687
275  688
276  688
277  689
278  690
279  691
280  692
281  692
282  693
283  694
284  695
285  696
286  697
287  698
288  699
289  700
290  701
291  702
292  703
293  704
294  705
294  706
295  707
295  708
295  709
296  710
296  711
296  712
296  713
296  714
296  715
296  716
296  717
296  718
296  719
296  720
296  721
296  722
295  723
295  724
294  725
293  726
292  727
291  728
290  728
289  728
288  729
287  729
286  730
285  730
284  731
283  731
282  731
281  731
280  732
279  732
278  732
277  733
276  734
275  734
274  734
273  735
272  736
271  737
270  738
270  739
269  740
269  741
268  742
267  743
267  744
267  745
266  746
266  747
266  748
266  749
267  750
267  751
267  752
267  753
268  754
268  755
268  756
269  757
269  758
269  759
270  760
270  761
271  762
272  763
273  764
274  765
274  766
275  767
276  768
277  769
278  770
279  770
280  771
281  772
282  773
283  773
284  774
285  774
286  774
287  775
288  775
289  775
290  776
291  776
292  776
293  776
294  777
295  777
296  777
297  777
298  777
299  776
300  776
301  775
302  774
303  774
304  773
305  772
306  771
307  770
308  769
309  768
310  767
311  766
312  765
313  764
314  763
315  762
316  761
317  760
318  759
319  758
320  758
321  757
322  757
323  756
324  756
325  756
326  756
327  756
328  757
329  757
330  757
331  758
332  758
333  759
334  760
335  761
336  762
337  762
338  763
339  764
340  765
341  766
342  767
343  768
343  769
344  770
345  771
345  772
346  773
346  774
347  775
347  776
348  777
348  778
349  779
349  780
350  781
350  782
350  783
351  784
351  785
352  786
352  787
352  788
353  789
353  790
353  791
354  792
354  793
354  794
355  795
355  796
355  797
356  798
356  799
356  800
356  801
356  802
356  803
356  804
356  805
357  806
357  807
357  808
357  809
357  810
357  811
357  812
357  813
357  814
358  815
358  816
358  817
358  818
358  819
358  820
358  821
358  822
358  823
358  824
358  825
358  826
358  827
357  828
357  829
357  830
357  831
356  832
355  833
354  833
353  834
352  834
351  835
350  835
349  835
348  836
347  836
346  836
345  836
344  836
343  836
342  836
341  836
340  837
339  837
338  837
337  837
336  837
335  837
334  838
333  838
332  838
331  838
330  838
329  838
328  838
327  838
326  839
325  839
324  839
323  839
322  839
321  839
320  839
319  839
318  840
317  840
316  840
315  840
314  840
313  841
312  841
311  841
310  841
309  841
308  842
307  842
306  842
305  842
304  842
303  843
302  843
301  843
300  843
299  844
298  844
297  845
296  845
295  845
294  845
293  845
292  846
291  846
290  847
289  847
288  848
287  848
286  849
285  849
284  850
283  850
282  851
281  852
280  852
279  853
278  854
277  855
276  856
275  857
274  858
273  859
272  860
271  861
270  862
269  863
269  864
268  865
268  866
267  867
267  868
266  869
266  870
266  871
266  872
266  873
266  874
266  875
266  876
266  877
267  878
267  879
268  880
269  881
269  882
270  883
271  884
271  885
272  886
273  887
274  888
275  889
275  890
276  891
277  892
277  893
278  894
278  895
278  896
278  897
278  898
278  899
278  900
278  901
278  902
278  903
278  904
278  905
278  906
278  907
278  908
277  909
277  910
276  911
275  912
274  913
273  914
272  915
271  916
270  917
269  918
268  919
267  920
266  920
265  921
264  922
263  923
262  923
261  924
260  925
259  926
258  926
257  926
256  926
255  926
254  927
253  927
252  927
251  927
250  928
249  928
248  928
247  928
246  928
245  928
244  928
243  928
242  927
241  927
240  927
239  926
238  926
237  925
236  924
235  923
234  922
234  921
233  920
232  919
231  918
231  917
230  916
230  915
230  914
230  913
229  912
229  911
229  910
229  909
229  908
228  907
228  906
228  905
227  904
227  903
227  902
227  901
226  900
226  899
225  898
224  897
223  897
222  896
221  896
220  896
219  895
218  895
217  895
216  895
215  895
214  895
213  895
212  895
211  895
210  895
209  895
208  895
207  896
206  896
205  896
204  896
203  897
202  897
201  897
200  898
199  898
198  899
197  899
196  899
195  900
194  901
193  901
192  902
191  902
190  903
189  903
188  903
187  904
186  905
185  906
184  906
183  907
182  908
181  908
180  908
179  909
178  910
177  911
176  911
175  912
174  912
173  913
172  914
171  915
170  915
169  916
168  917
167  917
166  918
165  919
164  919
163  920
162  920
161  921
160  921
159  921
158  920
157  919
156  918
155  917
155  916
154  915
154  914
153  913
153  912
152  911
151  910
150  909
150  908
149  907
149  906
148  905
148  904
148  903
148  902
148  901
147  900
147  899
146  898
146  897
145  896
144  895
144  894
143  893
142  892
142  891
142  890
141  889
141  888
140  887
139  886
138  885
138  884
137  883
136  882
136  881
135  880
135  879
134  878
133  877
133  876
132  875
132  874
131  873
131  872
130  871
129  870
129  869
128  868
127  867
126  866
126  865
126  864
125  863
124  862
124  861
123  860
122  859
122  858
121  857
121  856
120  855
119  854
119  853
118  852
117  851
117  850
117  849
116  848
115  847
114  846
114  845
113  844
112  843
112  842
111  841
111  840
110  839
109  838
109  837
108  836
108  835
108  834
107  833
106  832
105  831
105  830
104  829
103  828
103  827
102  826
101  825
101  824
100  823
99  822
99  821
98  820
98  819
97  818
96  817
96  816
95  815
94  814
94  813
93  812
93  811
92  810
91  809
90  808
90  807
90  806
90  805
89  804
88  803
87  802
87  801
86  800
85  799
85  798
85  797
84  796
84  795
85  794
86  793
87  793
88  792
89  792
90  791
91  791
92  790
93  790
94  789
95  789
96  788
97  788
98  787
99  786
100  786
101  785
102  785
103  784
104  784
105  783
106  783
107  782
108  782
109  781
110  781
111  780
112  780
113  779
114  778
115  778
116  777
117  777
118  776
119  776
120  775
121  775
122  774
123  774
124  773
125  772
126  772
127  771
128  770
129  770
130  769
131  768
132  767
133  767
134  766
135  765
136  764
137  763
138  762
139  761
139  760
139  759
139  758
139  757
139  756
139  755
139  754
139  753
138  752
137  751
136  750
135  749
134  748
133  748
132  747
131  746
130  745
129  744
129  743
128  742
127  741
126  740
125  739
124  738
124  737
123  736
123  735
123  734
122  733
122  732
122  731
121  730
121  729
121  728
121  727
121  726
121  725
122  724
122  723
122  722
122  721
123  720
123  719
123  718
123  717
124  716
125  715
125  714
126  713
127  712
128  711
129  710
130  709
131  708
132  707
133  706
134  705
135  705
136  704
137  704
138  703
139  703
140  702
141  702
142  702
143  701
144  701
145  700
146  700
147  699
148  699
149  699
150  699
151  699
152  699
153  699
154  699
155  699
156  699
157  699
158  699
159  699
160  700
161  700
162  701
163  702
164  703
165  704
166  705
167  706
168  707
169  708
170  709
171  710
171  711
172  712
172  713
172  714
172  715
173  716
173  717
174  718
174  719
175  720
175  721
175  722
176  723
176  724
177  725
177  726
178  727
178  728
179  729
180  730
181  731
182  732
183  732
184  732
185  732
186  732
187  732
188  732
189  732
190  732
191  732
192  732
193  732
194  731
195  731
196  730
197  730
198  729
199  729
200  728
201  728
202  727
203  727
204  726
205  725
206  725
207  724
208  723
209  723
210  722
211  721
212  720
213  720
214  719
215  718
216  717
217  716
218  715
219  714
220  713
221  712
222  711
223  710
224  709
225  708
226  707
227  706
228  705
229  704
230  703
231  702
232  701
232  700
233  699
234  698
235  697
236  696
236  695
237  694
238  693
239  692
239  691
240  690
241  689
242  688
242  687
243  686
243  685
244  684
245  683
246  682
246  681
247  680
248  679
249  678
249  677
250  676
250  676
