920 1006
921 1005
921 1004
921 1003
921 1002
921 1001
921 1000
921 999
921 998
921 998
922 997
923 997
924 997
925 997
926 998
927 998
928 999
929 999
930 1000
931 1000
932 1000
933 1001
934 1002
935 1002
936 1003
937 1003
938 1003
939 1004
940 1004
941 1005
942 1005
943 1006
944 1006
945 1007
946 1007
947 1008
948 1008
949 1009
950 1009
951 1010
952 1010
953 1010
954 1011
955 1011
956 1012
957 1013
958 1013
959 1014
960 1014
961 1015
962 1015
963 1016
964 1016
965 1017
966 1017
967 1018
968 1018
969 1019
970 1019
971 1020
972 1021
973 1021
974 1022
975 1022
976 1023
977 1023
978 1024
979 1024
980 1025
981 1025
982 1026
983 1027
984 1027
985 1028
986 1028
987 1028
988 1029
989 1029
990 1030
991 1031
992 1032
993 1032
994 1033
995 1034
996 1034
997 1035
998 1036
999 1037
1000 1037
1001 1038
1002 1038
1003 1039
1004 1040
1005 1040
1006 1041
1007 1042
1008 1043
1009 1044
1010 1045
1011 1045
1012 1046
1013 1047
1014 1047
1015 1048
1016 1049
1017 1049
1018 1050
1019 1051
1020 1052
1021 1052
1022 1053
1023 1054
1024 1055
1025 1055
1026 1056
1027 1057
1028 1057
1029 1058
1030 1059
1031 1060
1032 1060
1033 1061
1034 1061
1035 1062
1036 1063
1037 1064
1038 1065
1039 1065
1040 1066
1041 1067
1042 1068
1043 1068
1044 1069
1045 1070
1046 1071
1047 1072
1048 1073
1049 1073
1050 1074
1051 1075
1052 1076
1053 1077
1054 1078
1055 1078
1056 1078
1057 1078
1058 1078
1059 1079
1059 1080
1059 1081
1060 1082
1061 1083
1062 1083
1063 1084
1064 1085
1065 1086
1066 1087
1067 1088
1068 1089
1069 1089
1070 1090
1071 1091
1072 1092
1073 1093
1074 1093
1075 1094
1076 1095
1077 1096
1078 1097
1079 1098
1080 1099
1081 1100
1082 1101
1083 1102
1084 1103
1085 1103
1086 1104
1087 1105
1088 1106
1089 1107
1090 1108
1091 1109
1092 1110
1093 1111
1094 1112
1095 1112
1096 1113
1097 1114
1098 1115
1099 1116
1100 1117
1101 1118
1102 1119
1103 1120
1104 1121
1105 1122
1106 1123
1107 1124
1108 1125
1109 1126
1110 1127
1111 1128
1112 1129
1113 1130
1114 1131
1115 1132
1116 1133
1117 1134
1118 1135
1119 1136
1120 1137
1121 1138
1122 1139
1123 1140
1124 1141
1125 1142
1126 1143
1126 1144
1127 1145
1128 1146
1129 1147
1130 1148
1131 1149
1132 1150
1133 1151
1134 1152
1135 1153
1136 1154
1137 1155
1138 1156
1139 1157
1140 1158
1141 1159
1142 1160
1142 1161
1143 1162
1144 1163
1145 1163
1146 1164
1147 1165
1148 1166
1149 1167
1150 1168
1151 1169
1152 1170
1153 1171
1154 1172
1155 1173
1156 1174
1156 1175
1157 1176
1158 1177
1159 1178
1160 1179
1161 1180
1162 1181
1163 1182
1164 1183
1164 1184
1165 1185
1166 1186
1167 1187
1168 1188
1169 1189
1170 1190
1171 1191
1172 1192
1173 1193
1174 1194
1175 1195
1176 1196
1177 1197
1178 1198
1179 1199
1179 1200
1180 1201
1181 1202
1182 1203
1183 1204
1184 1205
1185 1206
1186 1207
1187 1208
1188 1209
1188 1210
1189 1211
1190 1212
1191 1213
1192 1214
1192 1215
1193 1216
1194 1217
1195 1218
1196 1219
1196 1220
1197 1221
1198 1222
1199 1223
1199 1224
1200 1225
1201 1226
1202 1227
1203 1228
1203 1229
1204 1230
1205 1231
1206 1232
1207 1233
1208 1234
1209 1235
1209 1236
1210 1237
1211 1238
1212 1239
1212 1240
1213 1241
1214 1242
1215 1243
1216 1244
1216 1245
1217 1246
1218 1247
1219 1248
1220 1249
1221 1250
1222 1251
1222 1252
1223 1253
1224 1253
1225 1254
1226 1255
1227 1256
1228 1257
1229 1258
1230 1259
1231 1260
1231 1261
1232 1262
1232 1263
1233 1264
1234 1265
1234 1266
1235 1267
1236 1268
1236 1269
1237 1270
1238 1271
1238 1272
1239 1273
1240 1274
1240 1275
1241 1276
1241 1277
1242 1278
1243 1279
1243 1280
1244 1281
1245 1282
1245 1283
1246 1284
1247 1285
1247 1286
1248 1287
1248 1288
1249 1289
1250 1290
1251 1291
1252 1292
1252 1293
1252 1294
1252 1295
1253 1296
1254 1297
1254 1298
1255 1299
1255 1300
1256 1301
1257 1302
1257 1303
1258 1304
1258 1305
1259 1306
1259 1307
1260 1308
1261 1309
1262 1310
1263 1311
1264 1312
1264 1313
1264 1314
1264 1315
1264 1316
1264 1317
1265 1318
1266 1319
1266 1320
1267 1321
1267 1322
1267 1323
1267 1324
1268 1325
1268 1326
1269 1327
1270 1328
1270 1329
1271 1330
1272 1331
1272 1332
1272 1333
1273 1334
1274 1335
1274 1336
1274 1337
1274 1338
1274 1339
1275 1340
1275 1341
1275 1342
1275 1343
1276 1344
1276 1345
1277 1346
1277 1347
1277 1348
1278 1349
1278 1350
1278 1351
1279 1352
1279 1353
1279 1354
1280 1355
1280 1356
1280 1357
1281 1358
1281 1359
1282 1360
1282 1361
1282 1362
1282 1363
1283 1364
1283 1365
1284 1366
1284 1367
1284 1368
1285 1369
1285 1370
1285 1371
1286 1372
1286 1373
1286 1374
1286 1375
1287 1376
1287 1377
1287 1378
1287 1379
1288 1380
1288 1381
1288 1382
1289 1383
1289 1384
1289 1385
1289 1386
1290 1387
1290 1388
1290 1389
1290 1390
1291 1391
1291 1392
1291 1393
1292 1394
1292 1395
1292 1396
1292 1397
1293 1398
1293 1399
1293 1400
1293 1401
1294 1402
1294 1403
1294 1404
1294 1405
1295 1406
1295 1407
1295 1408
1296 1409
1296 1410
1296 1411
1296 1412
1297 1413
1297 1414
1297 1415
1297 1416
1298 1417
1298 1418
1298 1419
1298 1420
1299 1421
1299 1422
1300 1423
1300 1424
1300 1425
1300 1426
1300 1427
1301 1428
1301 1429
1301 1430
1301 1431
1302 1432
1302 1433
1302 1434
1303 1435
1304 1436
1304 1437
1304 1438
1304 1439
1305 1440
1305 1441
1305 1442
1305 1443
1306 1444
1306 1445
1306 1446
1306 1447
1307 1448
1307 1449
1307 1450
1307 1451
1307 1452
1308 1453
1308 1454
1308 1455
1308 1456
1308 1457
1309 1458
1309 1459
1309 1460
1309 1461
1310 1462
1310 1463
1310 1464
1310 1465
1310 1466
1310 1467
1310 1468
1311 1469
1311 1470
1311 1471
1311 1472
1311 1473
1312 1474
1312 1475
1312 1476
1312 1477
1312 1478
1312 1479
1313 1480
1313 1481
1313 1482
1313 1483
1313 1484
1313 1485
1314 1486
1314 1487
1314 1488
1314 1489
1314 1490
1314 1491
1315 1492
1315 1493
1315 1494
1315 1495
1315 1496
1315 1497
1316 1498
1316 1499
1316 1500
1316 1501
1316 1502
1316 1503
1317 1504
1317 1505
1317 1506
1317 1507
1317 1508
1317 1509
1317 1510
1317 1511
1318 1512
1318 1513
1318 1514
1318 1515
1318 1516
1318 1517
1318 1518
1318 1519
1318 1520
1318 1521
1319 1522
1319 1523
1319 1524
1319 1525
1319 1526
1319 1527
1319 1528
1319 1529
1320 1530
1320 1531
1320 1532
1320 1533
1320 1534
1320 1535
1320 1536
1320 1537
1320 1538
1321 1539
1321 1540
1321 1541
1321 1542
1321 1543
1321 1544
1321 1545
1321 1546
1321 1547
1321 1548
1321 1549
1321 1550
1322 1551
1322 1552
1322 1553
1322 1554
1322 1555
1322 1556
1322 1557
1322 1558
1322 1559
1322 1560
1322 1561
1322 1562
1323 1563
1323 1564
1323 1565
1323 1566
1323 1567
1323 1568
1323 1569
1323 1570
1323 1571
1322 1572
1322 1573
1322 1574
1322 1575
1322 1576
1322 1577
1322 1578
1322 1579
1322 1580
1322 1581
1322 1582
1322 1583
1322 1584
1322 1585
1322 1586
1322 1587
1322 1588
1322 1589
1322 1590
1322 1591
1322 1592
1322 1593
1322 1594
1322 1595
1322 1596
1322 1597
1322 1598
1322 1599
1322 1600
1322 1601
1322 1602
1322 1603
1321 1604
1321 1605
1321 1606
1321 1607
1321 1608
1321 1609
1321 1610
1321 1611
1320 1612
1320 1613
1320 1614
1320 1615
1320 1616
1320 1617
1320 1618
1319 1619
1319 1620
1319 1621
1319 1622
1319 1623
1319 1624
1319 1625
1318 1626
1318 1627
1318 1628
1318 1629
1318 1630
1318 1631
1318 1632
1317 1633
1317 1634
1317 1635
1317 1636
1317 1637
1317 1638
1317 1639
1316 1640
1316 1641
1316 1642
1316 1643
1316 1644
1316 1645
1315 1646
1315 1647
1315 1648
1315 1649
1315 1650
1315 1651
1314 1652
1314 1653
1314 1654
1314 1655
1314 1656
1313 1657
1313 1658
1313 1659
1313 1660
1313 1661
1313 1662
1313 1663
1312 1664
1312 1665
1312 1666
1312 1667
1312 1668
1312 1669
1311 1670
1311 1671
1311 1672
1311 1673
1311 1674
1310 1675
1310 1676
1310 1677
1310 1678
1310 1679
1310 1680
1310 1681
1309 1682
1309 1683
1309 1684
1309 1685
1309 1686
1309 1687
1308 1688
1308 1689
1308 1690
1308 1691
1308 1692
1308 1693
1308 1694
1307 1695
1307 1696
1307 1697
1307 1698
1307 1699
1306 1700
1306 1701
1306 1702
1306 1703
1306 1704
1306 1705
1306 1706
1305 1707
1305 1708
1305 1709
1305 1710
1305 1711
1305 1712
1305 1713
1304 1714
1304 1715
1304 1716
1304 1717
1304 1718
1303 1719
1302 1720
1302 1721
1302 1722
1302 1723
1302 1724
1302 1725
1302 1726
1302 1727
1302 1728
1302 1729
1302 1730
1301 1731
1301 1732
1301 1733
1301 1734
1301 1735
1301 1736
1301 1737
1301 1738
1300 1739
1300 1740
1300 1741
1300 1742
1300 1743
1300 1744
1300 1745
1300 1746
1300 1747
1300 1748
1300 1749
1300 1750
1299 1751
1299 1752
1299 1753
1299 1754
1299 1755
1299 1756
1299 1757
1299 1758
1299 1759
1299 1760
1299 1761
1299 1762
1299 1763
1299 1764
1299 1765
1299 1766
1299 1767
1299 1768
1299 1769
1299 1770
1299 1771
1299 1772
1299 1773
1299 1774
1299 1775
1299 1776
1299 1777
1299 1778
1299 1779
1299 1780
1299 1781
1300 1782
1300 1783
1300 1784
1300 1785
1300 1786
1300 1787
1300 1788
1300 1789
1300 1790
1300 1791
1300 1792
1300 1793
1300 1794
1300 1795
1300 1796
1300 1797
1301 1798
1301 1799
1301 1800
1301 1801
1301 1802
1301 1803
1301 1804
1301 1805
1301 1806
1302 1807
1302 1808
1302 1809
1302 1810
1302 1811
1302 1812
1302 1813
1303 1814
1304 1815
1304 1816
1304 1817
1304 1818
1305 1819
1305 1820
1305 1821
1305 1822
1305 1823
1305 1824
1306 1825
1306 1826
1306 1827
1306 1828
1306 1829
1307 1830
1307 1831
1307 1832
1307 1833
1307 1834
1307 1835
1306 1836
1305 1836
1304 1837
1303 1837
1302 1837
1301 1838
1300 1838
1299 1839
1298 1839
1297 1840
1296 1840
1295 1841
1294 1841
1293 1842
1292 1842
1291 1843
1290 1843
1289 1844
1288 1844
1287 1845
1286 1846
1285 1846
1284 1847
1283 1847
1282 1847
1281 1848
1280 1848
1279 1849
1278 1849
1277 1850
1276 1850
1275 1851
1274 1851
1273 1852
1272 1852
1271 1853
1270 1853
1269 1853
1268 1854
1267 1855
1266 1855
1265 1856
1264 1856
1263 1857
1262 1857
1261 1858
1260 1858
1259 1859
1258 1859
1257 1860
1256 1861
1255 1861
1254 1861
1253 1862
1252 1862
1251 1863
1250 1863
1249 1864
1248 1864
1247 1865
1246 1865
1245 1866
1244 1866
1243 1867
1242 1867
1241 1868
1240 1868
1239 1869
1238 1869
1237 1870
1236 1870
1235 1871
1234 1871
1233 1872
1232 1872
1231 1873
1230 1874
1229 1874
1228 1874
1227 1875
1226 1876
1225 1876
1224 1877
1223 1877
1222 1877
1221 1878
1220 1878
1219 1879
1218 1879
1217 1880
1216 1880
1215 1880
1214 1881
1213 1881
1212 1882
1211 1882
1210 1883
1209 1883
1208 1884
1207 1884
1206 1885
1205 1886
1204 1886
1203 1886
1202 1887
1201 1888
1200 1888
1199 1889
1198 1889
1197 1890
1196 1890
1195 1891
1194 1891
1193 1892
1192 1892
1191 1893
1190 1893
1189 1894
1188 1894
1187 1895
1186 1895
1185 1896
1184 1896
1183 1897
1182 1897
1181 1898
1180 1898
1179 1899
1178 1899
1177 1899
1176 1900
1175 1901
1174 1901
1173 1902
1172 1902
1171 1902
1170 1903
1169 1904
1168 1904
1167 1905
1166 1905
1165 1906
1164 1906
1163 1907
1162 1907
1161 1908
1160 1908
1159 1909
1158 1909
1157 1910
1156 1910
1155 1911
1154 1911
1153 1912
1152 1912
1151 1913
1150 1913
1149 1914
1148 1914
1147 1915
1146 1915
1145 1916
1144 1916
1143 1916
1142 1917
1141 1917
1140 1918
1139 1918
1138 1919
1137 1919
1136 1920
1135 1920
1134 1921
1133 1921
1132 1922
1131 1922
1130 1923
1129 1923
1128 1924
1127 1924
1126 1925
1125 1925
1124 1926
1123 1926
1122 1927
1121 1927
1120 1928
1119 1928
1118 1929
1117 1929
1116 1929
1115 1930
1114 1930
1113 1931
1112 1931
1111 1932
1110 1932
1109 1933
1108 1933
1107 1934
1106 1935
1105 1935
1104 1936
1103 1936
1102 1937
1101 1937
1100 1937
1099 1938
1098 1938
1097 1939
1096 1940
1095 1940
1094 1940
1093 1941
1092 1942
1091 1942
1090 1943
1089 1943
1088 1944
1087 1944
1086 1944
1085 1945
1084 1945
1083 1946
1082 1946
1081 1947
1080 1947
1079 1948
1078 1948
1077 1949
1076 1950
1075 1950
1074 1950
1073 1951
1072 1951
1071 1952
1070 1953
1069 1953
1068 1953
1067 1954
1066 1955
1065 1955
1064 1955
1063 1956
1062 1956
1061 1957
1060 1957
1059 1958
1058 1958
1057 1959
1056 1959
1055 1960
1054 1960
1053 1961
1052 1961
1051 1962
1050 1962
1049 1963
1048 1963
1047 1964
1046 1964
1045 1965
1044 1965
1043 1966
1042 1966
1041 1967
1040 1967
1039 1968
1038 1968
1037 1969
1036 1969
1035 1970
1034 1970
1033 1971
1032 1971
1031 1972
1030 1972
1029 1972
1028 1973
1027 1973
1026 1974
1025 1975
1024 1975
1023 1976
1022 1976
1021 1977
1020 1977
1019 1978
1018 1978
1017 1978
1016 1979
1015 1980
1014 1980
1013 1980
1012 1981
1011 1982
1010 1982
1009 1983
1008 1983
1007 1984
1006 1984
1005 1985
1004 1985
1003 1986
1002 1986
1001 1986
1000 1987
999 1987
998 1988
997 1988
996 1989
995 1989
994 1990
993 1990
992 1991
991 1991
990 1992
989 1992
988 1993
987 1993
986 1994
985 1994
984 1994
983 1995
982 1995
981 1996
980 1996
979 1997
978 1997
977 1998
976 1999
975 1999
974 2000
973 2000
972 2001
971 2001
970 2001
969 2002
968 2002
967 2003
966 2003
965 2004
964 2004
963 2005
962 2005
961 2006
960 2006
959 2007
958 2007
957 2007
956 2008
955 2009
954 2009
953 2009
952 2010
951 2011
950 2011
949 2012
948 2012
947 2013
946 2013
945 2014
944 2014
943 2015
942 2015
941 2016
940 2016
939 2016
938 2017
937 2018
936 2018
935 2019
934 2019
933 2019
932 2020
931 2021
930 2021
929 2022
928 2022
927 2023
926 2023
925 2024
924 2024
923 2025
922 2025
921 2026
920 2026
919 2027
918 2027
917 2028
916 2028
915 2029
914 2029
913 2030
912 2030
911 2031
910 2031
909 2032
908 2032
907 2032
906 2033
905 2033
904 2033
903 2034
902 2034
901 2035
900 2036
899 2036
898 2037
897 2037
896 2038
895 2038
894 2039
893 2039
892 2040
891 2040
890 2041
889 2041
888 2042
887 2043
886 2043
885 2043
884 2044
883 2045
882 2045
881 2045
880 2046
879 2046
878 2047
877 2047
876 2048
875 2048
874 2049
873 2049
872 2050
871 2050
870 2051
869 2051
868 2052
867 2052
866 2053
865 2053
864 2054
863 2054
862 2055
861 2055
860 2056
859 2056
858 2057
857 2057
856 2058
855 2058
854 2059
853 2059
852 2060
851 2060
850 2061
849 2061
848 2062
847 2062
846 2063
845 2063
844 2064
843 2064
842 2065
841 2065
840 2066
839 2066
838 2067
837 2067
836 2067
835 2068
834 2068
833 2069
832 2070
831 2070
830 2071
829 2071
828 2072
827 2072
826 2072
825 2073
824 2074
823 2074
822 2075
821 2075
820 2076
819 2076
818 2076
817 2077
816 2077
815 2078
814 2078
813 2079
812 2080
811 2080
810 2080
809 2081
808 2081
807 2082
806 2082
805 2083
804 2084
803 2084
802 2084
801 2085
800 2086
799 2086
798 2087
797 2087
796 2088
795 2088
794 2088
793 2089
792 2089
791 2090
790 2090
789 2091
788 2092
787 2092
786 2092
785 2093
784 2093
783 2094
782 2094
781 2095
780 2095
779 2096
778 2096
777 2097
776 2097
775 2098
774 2098
773 2099
772 2099
771 2100
770 2101
769 2101
768 2102
767 2102
766 2102
765 2103
764 2104
763 2104
762 2104
761 2105
760 2105
759 2106
758 2106
757 2107
756 2107
755 2108
754 2108
753 2109
752 2109
751 2110
750 2110
749 2111
748 2111
747 2111
746 2112
745 2112
744 2113
743 2113
742 2114
741 2114
740 2115
739 2115
738 2116
737 2117
736 2117
735 2117
734 2118
733 2118
732 2119
731 2119
730 2120
729 2120
728 2121
727 2121
726 2122
725 2122
724 2123
723 2123
722 2122
721 2121
720 2120
719 2119
718 2118
717 2117
717 2116
716 2115
715 2114
715 2113
714 2112
713 2111
712 2110
712 2109
711 2108
710 2107
709 2106
709 2105
708 2104
707 2103
706 2102
706 2101
705 2100
704 2099
704 2098
703 2097
702 2096
702 2095
701 2094
700 2093
700 2092
699 2091
699 2090
698 2089
697 2088
697 2087
696 2086
696 2085
695 2084
695 2083
695 2082
695 2081
694 2080
694 2079
694 2078
693 2077
692 2076
692 2075
692 2074
692 2073
691 2072
691 2071
690 2070
690 2069
689 2068
689 2067
688 2066
688 2065
688 2064
687 2063
687 2062
686 2061
686 2060
686 2059
685 2058
685 2057
684 2056
684 2055
683 2054
683 2053
683 2052
682 2051
682 2050
681 2049
681 2048
680 2047
680 2046
679 2045
678 2044
677 2043
677 2042
677 2041
676 2040
676 2039
676 2038
676 2037
675 2036
675 2035
675 2034
675 2033
674 2032
674 2031
673 2030
673 2029
673 2028
673 2027
672 2026
672 2025
671 2024
671 2023
671 2022
671 2021
670 2020
670 2019
670 2018
669 2017
669 2016
669 2015
668 2014
668 2013
668 2012
667 2011
667 2010
667 2009
666 2008
666 2007
665 2006
665 2005
665 2004
664 2003
664 2002
664 2001
664 2000
663 1999
663 1998
663 1997
663 1996
663 1995
663 1994
663 1993
663 1992
663 1991
663 1990
663 1989
663 1988
663 1987
663 1986
663 1985
663 1984
663 1983
663 1982
663 1981
663 1980
662 1979
662 1978
662 1977
662 1976
662 1975
662 1974
662 1973
661 1972
661 1971
661 1970
661 1969
661 1968
660 1967
660 1966
660 1965
660 1964
660 1963
660 1962
660 1961
660 1960
659 1959
659 1958
659 1957
659 1956
659 1955
659 1954
659 1953
659 1952
659 1951
658 1950
658 1949
658 1948
658 1947
658 1946
658 1945
658 1944
657 1943
657 1942
657 1941
657 1940
657 1939
657 1938
657 1937
657 1936
657 1935
657 1934
657 1933
657 1932
657 1931
657 1930
657 1929
656 1928
656 1927
656 1926
656 1925
656 1924
656 1923
656 1922
656 1921
656 1920
656 1919
656 1918
656 1917
656 1916
656 1915
656 1914
655 1913
655 1912
655 1911
655 1910
655 1909
655 1908
655 1907
655 1906
655 1905
655 1904
655 1903
655 1902
655 1901
655 1900
655 1899
655 1898
655 1897
655 1896
655 1895
655 1894
655 1893
655 1892
655 1891
655 1890
655 1889
655 1888
655 1887
654 1886
654 1885
654 1884
654 1883
654 1882
654 1881
654 1880
654 1879
654 1878
654 1877
654 1876
654 1875
654 1874
654 1873
654 1872
654 1871
654 1870
654 1869
654 1868
654 1867
654 1866
654 1865
654 1864
654 1863
654 1862
654 1861
654 1860
654 1859
654 1858
654 1857
654 1856
654 1855
654 1854
654 1853
654 1852
654 1851
654 1850
653 1849
653 1848
653 1847
653 1846
653 1845
653 1844
653 1843
653 1842
653 1841
653 1840
653 1839
652 1838
652 1837
652 1836
652 1835
652 1834
652 1833
652 1832
652 1831
652 1830
652 1829
651 1828
651 1827
651 1826
651 1825
651 1824
650 1823
650 1822
650 1821
650 1820
650 1819
650 1818
650 1817
650 1816
650 1815
650 1814
650 1813
650 1812
650 1811
650 1810
650 1809
650 1808
649 1807
649 1806
649 1805
649 1804
649 1803
649 1802
649 1801
649 1800
649 1799
649 1798
648 1797
648 1796
648 1795
648 1794
647 1793
647 1792
647 1791
647 1790
647 1789
647 1788
647 1787
647 1786
647 1785
647 1784
647 1783
646 1782
646 1781
646 1780
645 1779
645 1778
645 1777
645 1776
644 1775
644 1774
644 1773
643 1772
643 1771
643 1770
643 1769
642 1768
642 1767
642 1766
641 1765
641 1764
640 1763
639 1762
639 1761
639 1760
639 1759
639 1758
638 1757
638 1756
637 1755
637 1754
637 1753
636 1752
635 1751
635 1750
635 1749
635 1748
634 1747
633 1746
633 1745
633 1744
633 1743
632 1742
632 1741
631 1740
631 1739
631 1738
630 1737
630 1736
629 1735
629 1734
628 1733
628 1732
627 1731
627 1730
626 1729
626 1728
625 1727
625 1726
624 1725
623 1724
623 1723
623 1722
623 1721
622 1720
622 1719
621 1718
621 1717
620 1716
619 1715
619 1714
618 1713
618 1712
617 1711
617 1710
616 1709
615 1708
615 1707
615 1706
614 1705
613 1704
613 1703
612 1702
612 1701
611 1700
611 1699
610 1698
609 1697
608 1696
608 1695
607 1694
607 1693
606 1692
606 1691
605 1690
604 1689
604 1688
603 1687
602 1686
602 1685
601 1684
600 1683
599 1682
598 1681
597 1680
596 1679
596 1678
595 1677
594 1676
594 1675
593 1674
592 1673
592 1672
591 1671
590 1670
589 1669
589 1668
588 1667
587 1666
587 1665
586 1664
585 1663
584 1662
584 1661
583 1660
582 1659
582 1658
581 1657
580 1656
579 1655
579 1654
578 1653
577 1652
576 1651
575 1650
575 1649
574 1648
573 1647
572 1646
572 1645
571 1644
570 1643
569 1642
569 1641
568 1640
567 1639
566 1638
565 1637
565 1636
564 1635
563 1634
562 1633
562 1632
561 1631
560 1630
559 1629
558 1628
558 1627
557 1626
556 1625
555 1624
554 1623
553 1622
552 1621
552 1620
551 1619
550 1618
549 1617
548 1616
548 1615
547 1614
546 1613
545 1612
544 1611
543 1610
542 1609
542 1608
541 1607
540 1606
539 1605
538 1604
538 1603
537 1602
536 1601
535 1600
534 1599
533 1598
533 1597
532 1596
531 1595
530 1594
529 1593
529 1592
528 1591
527 1590
526 1589
525 1588
524 1587
523 1586
522 1585
521 1584
520 1583
519 1582
518 1581
518 1580
517 1579
516 1578
515 1577
514 1576
513 1575
512 1574
512 1573
511 1572
510 1571
509 1570
508 1569
507 1568
506 1567
505 1566
504 1565
503 1564
502 1563
501 1562
500 1561
499 1560
498 1559
497 1558
496 1557
495 1556
494 1555
493 1554
492 1554
491 1553
490 1552
489 1551
488 1550
487 1549
486 1548
485 1547
484 1546
483 1545
482 1544
481 1543
480 1542
479 1541
478 1540
477 1539
476 1538
475 1538
474 1537
473 1536
472 1535
471 1534
470 1533
469 1532
468 1531
467 1530
466 1529
465 1528
464 1527
463 1526
462 1525
461 1524
460 1523
459 1522
458 1521
457 1520
456 1519
455 1518
454 1517
453 1516
452 1515
451 1514
450 1513
449 1512
448 1511
447 1510
446 1509
447 1508
448 1507
449 1506
450 1505
451 1504
452 1503
453 1502
454 1502
455 1501
456 1500
457 1499
458 1499
459 1498
460 1497
461 1497
462 1496
463 1495
464 1494
465 1493
466 1492
467 1492
468 1491
469 1490
470 1490
471 1489
472 1488
473 1487
474 1487
475 1486
476 1485
477 1484
478 1483
479 1483
480 1482
481 1482
482 1481
483 1480
484 1479
485 1479
486 1478
487 1477
488 1476
489 1475
490 1474
491 1474
492 1473
493 1472
494 1471
495 1471
496 1470
497 1469
498 1468
499 1468
500 1467
501 1467
502 1466
503 1465
504 1464
505 1463
506 1462
507 1461
508 1460
509 1460
510 1460
511 1459
512 1458
513 1458
514 1457
515 1456
516 1455
517 1455
518 1454
519 1453
520 1452
521 1452
522 1452
523 1451
524 1451
525 1450
526 1449
527 1449
528 1448
529 1447
530 1446
531 1446
532 1445
533 1444
534 1443
535 1443
536 1442
537 1442
538 1441
539 1440
540 1440
541 1439
542 1438
543 1438
544 1437
545 1436
546 1435
547 1435
548 1435
549 1434
550 1433
551 1432
552 1432
553 1431
554 1430
555 1429
556 1429
557 1428
558 1427
559 1427
560 1426
561 1425
562 1425
563 1424
564 1423
565 1423
566 1422
567 1421
568 1420
569 1420
570 1420
571 1419
572 1419
573 1418
574 1417
575 1417
576 1416
577 1415
578 1415
579 1414
580 1413
581 1412
582 1412
583 1411
584 1411
585 1410
586 1409
587 1409
588 1408
589 1408
590 1407
591 1407
592 1406
593 1405
594 1405
595 1404
596 1404
597 1403
598 1402
599 1402
600 1401
601 1401
602 1400
603 1400
604 1399
605 1398
606 1397
607 1397
608 1396
609 1395
610 1395
611 1394
612 1394
613 1393
614 1393
615 1392
616 1392
617 1391
618 1391
619 1390
620 1389
621 1389
622 1388
623 1387
624 1387
625 1386
626 1386
627 1385
628 1384
629 1384
630 1383
631 1383
632 1382
633 1381
634 1381
635 1380
636 1379
637 1379
638 1378
639 1378
640 1377
641 1377
642 1376
643 1375
644 1375
645 1374
646 1374
647 1373
648 1372
649 1372
650 1371
651 1371
652 1370
653 1370
654 1369
655 1368
656 1367
657 1367
658 1366
659 1365
660 1365
661 1364
662 1364
663 1363
664 1363
665 1362
666 1362
667 1361
668 1361
669 1360
670 1360
671 1359
672 1358
673 1357
674 1357
675 1356
676 1356
677 1355
678 1355
679 1354
680 1353
681 1353
682 1352
683 1351
684 1351
685 1350
686 1349
687 1349
688 1348
689 1348
690 1347
691 1347
692 1346
693 1346
694 1345
695 1344
696 1344
697 1343
698 1343
699 1342
700 1341
701 1341
702 1340
703 1339
704 1339
705 1338
706 1337
707 1337
708 1336
709 1335
710 1335
711 1334
712 1333
713 1333
714 1332
715 1331
716 1331
717 1330
718 1330
719 1329
720 1328
721 1328
722 1327
723 1326
724 1326
725 1325
726 1324
727 1323
728 1323
729 1322
730 1321
731 1321
732 1320
733 1319
734 1318
735 1318
736 1317
737 1316
738 1316
739 1315
740 1315
741 1314
742 1313
743 1312
744 1312
745 1311
746 1310
747 1309
748 1309
749 1308
750 1307
751 1307
752 1306
753 1305
754 1305
755 1304
756 1303
757 1303
758 1302
759 1302
760 1301
761 1301
762 1300
763 1299
764 1299
765 1298
766 1297
767 1296
768 1295
769 1295
770 1294
771 1293
772 1292
773 1292
774 1291
775 1290
776 1290
777 1289
778 1288
779 1288
780 1287
781 1286
782 1285
783 1284
784 1284
785 1283
786 1282
787 1282
788 1281
789 1280
790 1279
791 1278
792 1277
793 1277
794 1276
795 1275
796 1274
797 1273
798 1272
799 1271
800 1271
801 1270
802 1269
803 1268
804 1267
805 1266
806 1265
807 1264
808 1263
809 1262
810 1261
811 1260
812 1259
813 1258
814 1257
815 1256
816 1255
817 1254
818 1253
819 1252
820 1251
821 1250
822 1249
823 1248
824 1247
825 1246
826 1245
827 1244
828 1243
829 1242
830 1241
831 1240
831 1239
832 1238
833 1237
834 1236
835 1235
835 1234
836 1233
837 1232
838 1231
839 1230
840 1229
841 1228
842 1227
843 1226
844 1225
845 1224
846 1223
847 1222
848 1221
849 1220
850 1219
851 1218
851 1217
852 1216
853 1215
854 1214
855 1213
856 1212
856 1211
857 1210
858 1209
859 1208
860 1207
861 1206
862 1205
862 1204
863 1203
863 1202
864 1201
865 1200
865 1199
866 1198
866 1197
867 1196
868 1195
868 1194
869 1193
869 1192
870 1191
871 1190
871 1189
872 1188
872 1187
873 1186
873 1185
874 1184
874 1183
875 1182
875 1181
876 1180
876 1179
877 1178
877 1177
878 1176
878 1175
879 1174
880 1173
880 1172
881 1171
881 1170
882 1169
882 1168
883 1167
883 1166
884 1165
885 1164
885 1163
886 1162
886 1161
887 1160
887 1159
888 1158
888 1157
889 1156
889 1155
890 1154
890 1153
891 1152
891 1151
892 1150
892 1149
892 1148
893 1147
893 1146
894 1145
894 1144
895 1143
895 1142
896 1141
896 1140
896 1139
897 1138
897 1137
897 1136
898 1135
898 1134
898 1133
899 1132
899 1131
899 1130
900 1129
900 1128
901 1127
901 1126
902 1125
902 1124
903 1123
903 1122
903 1121
903 1120
903 1119
904 1118
904 1117
904 1116
905 1115
905 1114
905 1113
905 1112
906 1111
906 1110
906 1109
906 1108
906 1107
907 1106
907 1105
907 1104
908 1103
908 1102
908 1101
908 1100
908 1099
909 1098
909 1097
909 1096
910 1095
910 1094
910 1093
910 1092
910 1091
910 1090
911 1089
911 1088
911 1087
911 1086
911 1085
911 1084
911 1083
911 1082
912 1081
912 1080
912 1079
912 1078
912 1077
912 1076
912 1075
913 1074
913 1073
913 1072
913 1071
913 1070
913 1069
913 1068
913 1067
913 1066
914 1065
914 1064
914 1063
914 1062
914 1061
914 1060
914 1059
915 1058
915 1057
915 1056
915 1055
915 1054
915 1053
915 1052
915 1051
915 1050
915 1049
916 1048
917 1047
917 1046
917 1045
917 1044
917 1043
917 1042
917 1041
917 1040
918 1039
918 1038
918 1037
918 1036
918 1035
918 1034
918 1033
918 1032
918 1031
918 1030
919 1029
919 1028
919 1027
919 1026
919 1025
919 1024
919 1023
919 1022
919 1021
919 1020
920 1019
920 1018
920 1017
920 1016
920 1015
920 1014
920 1013
920 1012
920 1011
920 1010
920 1009
920 1008
920 1007
