1399  1427
1400  1427
1401  1427
1402  1427
1403  1427
1404  1427
1405  1427
1406  1427
1407  1427
1408  1427
1409  1427
1410  1427
1411  1427
1412  1428
1413  1428
1414  1428
1415  1429
1416  1429
1417  1430
1418  1430
1419  1431
1420  1432
1421  1433
1422  1434
1423  1435
1424  1436
1425  1437
1426  1438
1427  1439
1428  1440
1429  1441
1429  1442
1430  1443
1430  1444
1430  1445
1430  1446
1430  1447
1429  1448
1429  1449
1429  1450
1428  1451
1428  1452
1428  1453
1427  1454
1427  1455
1426  1456
1426  1457
1425  1458
1425  1459
1424  1460
1423  1461
1423  1462
1423  1463
1422  1464
1422  1465
1422  1466
1422  1467
1422  1468
1422  1469
1422  1470
1423  1471
1423  1472
1423  1473
1424  1474
1425  1475
1426  1476
1427  1477
1428  1478
1429  1479
1430  1480
1431  1480
1432  1481
1433  1481
1434  1482
1435  1482
1436  1482
1437  1482
1438  1483
1439  1483
1440  1483
1441  1483
1442  1483
1443  1483
1444  1483
1445  1483
1446  1483
1447  1483
1448  1483
1449  1483
1450  1483
1451  1483
1452  1483
1453  1483
1454  1483
1455  1483
1456  1483
1457  1482
1458  1482
1459  1482
1460  1481
1461  1481
1462  1481
1463  1480
1464  1480
1465  1480
1466  1479
1467  1479
1468  1479
1469  1478
1470  1478
1471  1478
1472  1477
1473  1477
1474  1476
1475  1476
1476  1475
1477  1474
1478  1474
1479  1473
1480  1472
1481  1472
1482  1472
1483  1473
1484  1474
1485  1475
1486  1476
1487  1477
1487  1478
1488  1479
1489  1480
1489  1481
1490  1482
1491  1483
1491  1484
1492  1485
1493  1486
1493  1487
1494  1488
1495  1489
1495  1490
1496  1491
1496  1492
1497  1493
1498  1494
1498  1495
1499  1496
1500  1497
1500  1498
1501  1499
1502  1500
1503  1501
1503  1502
1504  1503
1504  1504
1505  1505
1506  1506
1507  1507
1507  1508
1508  1509
1509  1510
1509  1511
1510  1512
1510  1513
1511  1514
1511  1515
1512  1516
1512  1517
1512  1518
1513  1519
1513  1520
1514  1521
1514  1522
1514  1523
1515  1524
1515  1525
1515  1526
1515  1527
1515  1528
1516  1529
1516  1530
1516  1531
1516  1532
1516  1533
1516  1534
1516  1535
1516  1536
1517  1537
1517  1538
1517  1539
1517  1540
1517  1541
1517  1542
1517  1543
1517  1544
1516  1545
1516  1546
1516  1547
1515  1548
1515  1549
1514  1550
1513  1551
1512  1552
1511  1553
1510  1554
1509  1555
1508  1556
1507  1556
1506  1556
1505  1556
1504  1556
1503  1556
1502  1556
1501  1556
1500  1556
1499  1556
1498  1556
1497  1555
1496  1555
1495  1554
1494  1554
1493  1553
1492  1553
1491  1552
1490  1552
1489  1552
1488  1551
1487  1551
1486  1551
1485  1551
1484  1550
1483  1550
1482  1550
1481  1550
1480  1550
1479  1550
1478  1550
1477  1550
1476  1550
1475  1550
1474  1551
1473  1551
1472  1551
1471  1552
1470  1552
1469  1553
1468  1554
1467  1555
1466  1556
1465  1557
1465  1558
1464  1559
1464  1560
1464  1561
1463  1562
1463  1563
1462  1564
1462  1565
1462  1566
1462  1567
1462  1568
1462  1569
1462  1570
1462  1571
1462  1572
1462  1573
1462  1574
1462  1575
1462  1576
1462  1577
1462  1578
1462  1579
1462  1580
1462  1581
1462  1582
1462  1583
1462  1584
1462  1585
1462  1586
1463  1587
1463  1588
1464  1589
1464  1590
1464  1591
1465  1592
1465  1593
1466  1594
1467  1595
1467  1596
1468  1597
1469  1598
1470  1599
1471  1600
1472  1601
1473  1602
1474  1603
1475  1604
1476  1604
1477  1604
1478  1604
1479  1605
1480  1605
1481  1605
1482  1605
1483  1605
1484  1605
1485  1605
1486  1605
1487  1604
1488  1604
1489  1604
1490  1603
1491  1603
1492  1603
1493  1602
1494  1602
1495  1602
1496  1601
1497  1601
1498  1600
1499  1600
1500  1600
1501  1599
1502  1599
1503  1599
1504  1599
1505  1598
1506  1598
1507  1598
1508  1599
1509  1599
1510  1600
1511  1600
1512  1601
1513  1602
1514  1603
1515  1604
1516  1605
1517  1606
1517  1607
1518  1608
1519  1609
1519  1610
1520  1611
1520  1612
1520  1613
1521  1614
1521  1615
1521  1616
1522  1617
1522  1618
1522  1619
1522  1620
1522  1621
1522  1622
1522  1623
1522  1624
1522  1625
1522  1626
1522  1627
1522  1628
1522  1629
1522  1630
1522  1631
1522  1632
1522  1633
1522  1634
1522  1635
1522  1636
1522  1637
1522  1638
1522  1639
1522  1640
1522  1641
1522  1642
1522  1643
1522  1644
1522  1645
1522  1646
1522  1647
1522  1648
1522  1649
1522  1650
1522  1651
1522  1652
1522  1653
1522  1654
1522  1655
1522  1656
1522  1657
1522  1658
1522  1659
1522  1660
1522  1661
1522  1662
1522  1663
1522  1664
1522  1665
1522  1666
1522  1667
1522  1668
1521  1669
1520  1670
1519  1671
1518  1672
1517  1673
1516  1673
1515  1673
1514  1673
1513  1673
1512  1673
1511  1673
1510  1673
1509  1674
1508  1674
1507  1674
1506  1674
1505  1674
1504  1674
1503  1674
1502  1674
1501  1674
1500  1674
1499  1674
1498  1674
1497  1674
1496  1674
1495  1674
1494  1675
1493  1675
1492  1675
1491  1675
1490  1675
1489  1675
1488  1675
1487  1675
1486  1675
1485  1675
1484  1675
1483  1675
1482  1675
1481  1675
1480  1675
1479  1675
1478  1675
1477  1675
1476  1675
1475  1675
1474  1675
1473  1675
1472  1675
1471  1675
1470  1676
1469  1676
1468  1676
1467  1676
1466  1676
1465  1676
1464  1676
1463  1676
1462  1676
1461  1676
1460  1676
1459  1676
1458  1676
1457  1676
1456  1676
1455  1676
1454  1676
1453  1676
1452  1676
1451  1676
1450  1676
1449  1676
1448  1676
1447  1676
1446  1676
1445  1676
1444  1676
1443  1676
1442  1676
1441  1676
1440  1676
1439  1676
1438  1676
1437  1676
1436  1676
1435  1676
1434  1676
1433  1677
1432  1677
1431  1677
1430  1677
1429  1677
1428  1677
1427  1677
1426  1677
1425  1677
1424  1677
1423  1677
1422  1677
1421  1677
1420  1677
1419  1677
1418  1677
1417  1677
1416  1677
1415  1678
1414  1678
1413  1678
1412  1678
1411  1678
1410  1678
1409  1678
1408  1678
1407  1678
1406  1678
1405  1678
1404  1678
1403  1678
1402  1678
1401  1678
1400  1678
1399  1678
1398  1678
1397  1678
1396  1678
1395  1679
1394  1679
1393  1679
1392  1679
1391  1679
1390  1679
1389  1679
1388  1679
1387  1679
1386  1679
1385  1679
1384  1679
1383  1679
1382  1679
1381  1679
1380  1679
1379  1679
1378  1679
1377  1679
1376  1679
1375  1679
1374  1679
1373  1680
1372  1680
1371  1680
1370  1680
1369  1680
1368  1680
1367  1680
1366  1680
1365  1680
1364  1680
1363  1680
1362  1680
1361  1680
1360  1680
1359  1680
1358  1680
1357  1680
1356  1681
1355  1681
1354  1681
1353  1681
1352  1681
1351  1681
1350  1681
1349  1681
1348  1681
1347  1681
1346  1681
1345  1681
1344  1681
1343  1682
1342  1682
1341  1682
1340  1682
1339  1682
1338  1682
1337  1682
1336  1682
1335  1682
1334  1682
1333  1682
1332  1682
1331  1682
1330  1682
1329  1682
1328  1682
1327  1682
1326  1682
1325  1683
1324  1683
1323  1683
1322  1683
1321  1683
1320  1683
1319  1683
1318  1683
1317  1683
1316  1683
1315  1683
1314  1683
1313  1683
1312  1683
1311  1683
1310  1683
1309  1682
1308  1681
1308  1680
1308  1679
1307  1678
1307  1677
1306  1676
1306  1675
1305  1674
1305  1673
1305  1672
1305  1671
1305  1670
1305  1669
1305  1668
1305  1667
1305  1666
1305  1665
1305  1664
1305  1663
1305  1662
1305  1661
1305  1660
1305  1659
1305  1658
1304  1657
1304  1656
1304  1655
1304  1654
1304  1653
1304  1652
1304  1651
1304  1650
1304  1649
1304  1648
1304  1647
1304  1646
1304  1645
1304  1644
1304  1643
1304  1642
1304  1641
1304  1640
1304  1639
1304  1638
1304  1637
1304  1636
1304  1635
1304  1634
1304  1633
1304  1632
1304  1631
1305  1630
1305  1629
1305  1628
1305  1627
1305  1626
1306  1625
1306  1624
1306  1623
1307  1622
1307  1621
1308  1620
1308  1619
1308  1618
1309  1617
1310  1616
1310  1615
1311  1614
1312  1613
1313  1612
1314  1611
1315  1610
1316  1610
1317  1609
1318  1609
1319  1610
1320  1610
1321  1610
1322  1610
1323  1611
1324  1611
1325  1611
1326  1612
1327  1612
1328  1612
1329  1612
1330  1613
1331  1613
1332  1613
1333  1614
1334  1614
1335  1614
1336  1614
1337  1615
1338  1615
1339  1615
1340  1615
1341  1615
1342  1615
1343  1615
1344  1614
1345  1614
1346  1614
1347  1613
1348  1612
1349  1611
1350  1610
1351  1609
1352  1608
1352  1607
1353  1606
1354  1605
1354  1604
1355  1603
1355  1602
1355  1601
1356  1600
1356  1599
1356  1598
1357  1597
1357  1596
1357  1595
1357  1594
1357  1593
1357  1592
1357  1591
1357  1590
1357  1589
1357  1588
1357  1587
1357  1586
1356  1585
1356  1584
1356  1583
1356  1582
1355  1581
1355  1580
1355  1579
1355  1578
1354  1577
1354  1576
1354  1575
1353  1574
1353  1573
1352  1572
1351  1571
1350  1570
1349  1569
1348  1569
1347  1568
1346  1568
1345  1567
1344  1567
1343  1566
1342  1566
1341  1566
1340  1566
1339  1566
1338  1566
1337  1566
1336  1566
1335  1566
1334  1566
1333  1566
1332  1566
1331  1566
1330  1567
1329  1567
1328  1567
1327  1567
1326  1567
1325  1567
1324  1567
1323  1567
1322  1567
1321  1567
1320  1567
1319  1566
1318  1566
1317  1566
1316  1565
1315  1565
1314  1564
1313  1563
1312  1562
1311  1561
1310  1560
1310  1559
1309  1558
1308  1557
1308  1556
1308  1555
1307  1554
1307  1553
1306  1552
1306  1551
1306  1550
1305  1549
1305  1548
1305  1547
1305  1546
1305  1545
1305  1544
1304  1543
1304  1542
1304  1541
1304  1540
1304  1539
1304  1538
1304  1537
1303  1536
1303  1535
1303  1534
1303  1533
1303  1532
1303  1531
1303  1530
1303  1529
1304  1528
1304  1527
1304  1526
1304  1525
1304  1524
1304  1523
1304  1522
1305  1521
1305  1520
1305  1519
1305  1518
1305  1517
1306  1516
1306  1515
1306  1514
1306  1513
1307  1512
1307  1511
1307  1510
1308  1509
1308  1508
1308  1507
1309  1506
1309  1505
1309  1504
1310  1503
1310  1502
1310  1501
1310  1500
1311  1499
1311  1498
1312  1497
1312  1496
1312  1495
1313  1494
1313  1493
1313  1492
1314  1491
1314  1490
1314  1489
1315  1488
1315  1487
1316  1486
1316  1485
1316  1484
1317  1483
1317  1482
1318  1481
1318  1480
1318  1479
1319  1478
1319  1477
1320  1476
1320  1475
1320  1474
1321  1473
1321  1472
1321  1471
1322  1470
1322  1469
1322  1468
1323  1467
1323  1466
1324  1465
1324  1464
1325  1463
1326  1463
1327  1464
1328  1465
1329  1466
1330  1467
1331  1468
1332  1469
1333  1470
1334  1470
1335  1471
1336  1472
1337  1473
1338  1474
1339  1474
1340  1475
1341  1475
1342  1476
1343  1477
1344  1477
1345  1477
1346  1478
1347  1478
1348  1479
1349  1479
1350  1479
1351  1480
1352  1480
1353  1480
1354  1480
1355  1480
1356  1480
1357  1480
1358  1481
1359  1481
1360  1481
1361  1481
1362  1481
1363  1481
1364  1481
1365  1481
1366  1480
1367  1480
1368  1480
1369  1480
1370  1480
1371  1480
1372  1479
1373  1479
1374  1479
1375  1478
1376  1478
1377  1477
1378  1477
1379  1476
1380  1475
1381  1474
1381  1473
1381  1472
1382  1471
1382  1470
1382  1469
1382  1468
1382  1467
1382  1466
1382  1465
1382  1464
1382  1463
1381  1462
1381  1461
1380  1460
1380  1459
1379  1458
1379  1457
1379  1456
1379  1455
1378  1454
1378  1453
1378  1452
1378  1451
1378  1450
1378  1449
1378  1448
1378  1447
1378  1446
1378  1445
1379  1444
1379  1443
1380  1442
1380  1441
1381  1440
1382  1439
1382  1438
1383  1437
1384  1436
1385  1435
1386  1434
1387  1433
1388  1432
1389  1431
1390  1431
1391  1430
1392  1430
1393  1429
1394  1429
1395  1429
1396  1428
1397  1428
1398  1428
1398  1428
