135  396
136  396
137  396
138  396
139  397
140  397
141  397
142  397
143  397
144  397
145  398
146  398
147  399
148  399
149  400
150  401
151  402
152  403
153  404
154  405
155  406
156  407
156  408
157  409
157  410
158  411
158  412
158  413
159  414
159  415
159  416
160  417
160  418
160  419
161  420
161  421
161  422
162  423
162  424
163  425
163  426
164  427
164  428
165  429
166  430
167  431
168  431
169  431
170  431
171  431
172  431
173  431
174  431
175  431
176  430
177  430
178  430
179  429
180  429
181  429
182  428
183  428
184  427
185  427
186  426
187  425
188  425
189  424
190  423
191  422
192  422
193  421
194  420
195  420
196  419
197  418
198  417
199  416
200  416
201  415
202  414
203  413
204  413
205  412
206  411
207  410
208  410
209  409
210  408
211  407
212  406
213  406
214  405
215  404
216  403
217  403
218  402
219  401
220  400
221  400
222  401
223  402
224  403
225  404
226  405
227  406
227  407
228  408
229  409
230  410
230  411
231  412
231  413
232  414
233  415
233  416
234  417
235  418
235  419
236  420
237  421
237  422
238  423
239  424
239  425
240  426
241  427
241  428
242  429
243  430
243  431
244  432
245  433
245  434
246  435
247  436
247  437
248  438
249  439
249  440
250  441
251  442
251  443
252  444
253  445
253  446
254  447
255  448
255  449
256  450
257  451
257  452
258  453
259  454
259  455
260  456
261  457
261  458
262  459
263  460
263  461
264  462
265  463
265  464
266  465
267  466
267  467
268  468
269  469
269  470
270  471
271  472
271  473
272  474
273  475
273  476
274  477
275  478
276  479
276  480
277  481
277  482
278  483
279  484
279  485
280  486
281  487
281  488
282  489
283  490
283  491
284  492
285  493
285  494
286  495
287  496
288  497
288  498
289  499
290  500
290  501
291  502
291  503
292  504
293  505
294  506
294  507
295  508
296  509
296  510
297  511
297  512
298  513
299  514
299  515
300  516
301  517
302  518
302  519
303  520
304  521
305  522
305  523
306  524
306  525
307  526
308  527
308  528
309  529
309  530
310  531
311  532
312  533
313  534
313  535
314  536
314  537
314  538
314  539
314  540
314  541
313  542
312  543
311  543
310  544
309  545
308  545
307  546
306  546
305  547
304  548
303  548
302  548
301  549
300  550
299  550
298  551
297  551
296  551
295  552
294  553
293  553
292  554
291  555
290  555
289  556
288  556
287  557
286  557
285  558
284  559
283  560
282  560
281  561
280  561
279  562
278  562
277  563
276  564
275  564
274  565
273  566
272  567
271  568
270  569
269  570
268  571
267  572
266  573
265  574
265  575
265  576
265  577
265  578
265  579
265  580
265  581
266  582
266  583
267  584
268  585
269  586
270  587
271  588
272  588
273  589
274  589
275  590
276  590
277  591
278  591
279  592
280  592
281  593
282  593
283  594
284  594
285  595
286  596
287  597
288  598
289  599
289  600
290  601
290  602
290  603
290  604
290  605
290  606
291  607
291  608
291  609
291  610
291  611
290  612
290  613
290  614
290  615
289  616
289  617
288  618
287  619
287  620
287  621
286  622
285  623
284  624
283  625
282  626
281  627
280  628
279  629
278  630
277  631
276  632
275  632
274  633
273  634
272  634
271  635
270  636
269  636
268  637
267  637
266  638
265  638
264  638
263  638
262  639
261  639
260  639
259  639
258  639
257  639
256  639
255  639
254  639
253  639
252  638
251  638
250  638
249  638
248  638
247  637
246  636
245  635
244  634
243  633
243  632
242  631
241  630
240  629
240  628
239  627
238  626
238  625
237  624
237  623
237  622
237  621
237  620
237  619
236  618
236  617
236  616
236  615
236  614
236  613
236  612
236  611
235  610
235  609
235  608
234  607
233  606
232  606
231  605
230  605
229  605
228  604
227  604
226  604
225  604
224  604
223  604
222  604
221  604
220  604
219  604
218  604
217  604
216  604
215  605
214  605
213  605
212  605
211  606
210  606
209  607
208  607
207  608
206  608
205  608
204  609
203  609
202  610
201  610
200  611
199  611
198  611
197  611
196  612
195  613
194  613
193  614
192  614
191  614
190  615
189  615
188  616
187  616
186  617
185  617
184  618
183  618
182  619
181  619
180  620
179  620
178  620
177  621
176  621
175  622
174  622
173  622
172  623
171  623
170  623
169  622
168  621
168  620
167  619
166  618
165  617
165  616
164  615
163  614
162  613
161  612
160  611
159  610
158  609
157  609
156  608
155  607
154  606
153  605
152  604
151  604
150  603
149  603
148  602
147  602
146  601
145  600
144  600
143  600
142  599
141  599
140  599
139  599
138  599
137  599
136  599
135  599
134  599
133  600
132  601
131  601
130  602
129  603
128  604
127  605
126  606
125  607
124  608
123  609
122  610
121  611
120  611
119  612
118  613
117  614
116  614
115  615
114  615
113  616
112  616
111  616
110  617
109  617
108  617
107  617
106  617
105  617
104  617
103  617
102  617
101  617
100  616
99  616
98  616
97  615
96  614
95  613
94  612
93  611
92  610
91  609
90  608
90  607
89  606
88  605
87  604
86  603
85  602
84  601
84  600
83  599
83  598
82  597
82  596
82  595
81  594
81  593
81  592
80  591
80  590
80  589
79  588
79  587
79  586
79  585
79  584
78  583
78  582
78  581
78  580
78  579
78  578
78  577
79  576
79  575
79  574
79  573
79  572
79  571
80  570
80  569
81  568
81  567
82  566
83  565
84  564
85  563
86  562
87  561
88  561
89  560
90  560
91  560
92  559
93  559
94  559
95  559
96  559
97  559
98  559
99  559
100  559
101  559
102  559
103  559
104  559
105  559
106  559
107  559
108  559
109  559
110  559
111  559
112  559
113  559
114  559
115  558
116  558
117  557
118  556
119  555
120  554
120  553
120  552
121  551
121  550
121  549
121  548
121  547
121  546
120  545
120  544
120  543
120  542
120  541
120  540
120  539
119  538
119  537
119  536
118  535
118  534
118  533
117  532
117  531
117  530
117  529
116  528
116  527
116  526
115  525
115  524
115  523
115  522
115  521
114  520
114  519
114  518
114  517
113  516
113  515
113  514
112  513
112  512
112  511
112  510
111  509
111  508
111  507
111  506
110  505
110  504
110  503
110  502
109  501
109  500
109  499
108  498
108  497
108  496
108  495
108  494
107  493
107  492
106  491
106  490
106  489
106  488
105  487
105  486
105  485
105  484
105  483
106  482
107  482
108  481
109  481
110  480
111  480
112  479
113  478
114  478
115  477
116  477
117  476
118  476
119  475
120  474
121  473
122  472
123  471
124  470
125  469
126  468
126  467
126  466
127  465
127  464
128  463
128  462
128  461
128  460
128  459
128  458
128  457
128  456
127  455
126  454
125  453
124  452
123  451
122  450
121  449
120  448
119  447
118  446
117  445
116  444
115  443
114  442
114  441
113  440
112  439
111  438
110  437
110  436
109  435
109  434
108  433
108  432
108  431
108  430
108  429
108  428
108  427
108  426
108  425
108  424
108  423
108  422
108  421
108  420
109  419
109  418
110  417
110  416
111  415
111  414
112  413
113  412
113  411
114  410
115  409
116  408
117  407
117  406
118  405
119  404
120  403
121  402
122  401
123  400
124  400
125  399
126  399
127  398
128  398
129  397
130  397
131  397
132  397
133  397
134  397
134  397
