139  64
140  64
141  64
142  64
143  64
144  64
145  64
146  64
147  64
148  64
149  64
150  64
151  64
152  64
153  64
154  64
155  64
156  64
157  65
158  65
159  65
160  65
161  65
162  65
163  65
164  65
165  66
166  66
167  66
168  66
169  66
170  66
171  67
172  67
173  67
174  67
175  67
176  68
177  68
178  68
179  69
180  69
181  69
182  70
183  70
184  70
185  70
186  71
187  71
188  72
189  72
190  72
191  73
192  73
193  74
194  74
195  74
196  75
197  75
198  76
199  76
200  77
201  77
202  78
203  78
204  79
205  80
206  80
207  81
208  81
209  82
210  83
211  83
212  84
213  85
214  85
215  86
216  87
217  87
218  88
219  89
220  90
221  90
222  91
223  92
224  93
225  94
226  95
227  96
228  96
229  97
230  98
231  99
232  100
233  101
234  102
235  103
236  104
237  105
238  106
238  107
239  108
240  109
240  110
241  111
242  112
243  113
243  114
244  115
245  116
246  117
246  118
247  119
248  120
249  121
249  122
250  123
251  124
251  125
252  126
253  127
254  128
254  129
255  130
255  131
256  132
256  133
257  134
257  135
258  136
258  137
259  138
259  139
260  140
260  141
261  142
261  143
262  144
262  145
262  146
263  147
263  148
264  149
264  150
265  151
265  152
265  153
266  154
266  155
266  156
267  157
267  158
267  159
268  160
268  161
268  162
269  163
269  164
269  165
269  166
270  167
270  168
270  169
270  170
271  171
271  172
271  173
271  174
272  175
272  176
272  177
272  178
272  179
273  180
273  181
273  182
273  183
273  184
273  185
273  186
273  187
274  188
274  189
274  190
274  191
274  192
274  193
274  194
274  195
274  196
274  197
275  198
275  199
275  200
275  201
275  202
275  203
275  204
275  205
275  206
275  207
275  208
275  209
275  210
275  211
275  212
275  213
275  214
275  215
275  216
275  217
275  218
274  219
274  220
274  221
274  222
274  223
274  224
274  225
274  226
274  227
274  228
273  229
273  230
273  231
273  232
273  233
273  234
273  235
273  236
272  237
272  238
272  239
272  240
272  241
271  242
271  243
271  244
271  245
270  246
270  247
270  248
270  249
269  250
269  251
269  252
269  253
268  254
268  255
268  256
267  257
267  258
267  259
266  260
266  261
266  262
265  263
265  264
265  265
264  266
264  267
263  268
263  269
262  270
262  271
262  272
261  273
261  274
260  275
260  276
259  277
259  278
258  279
258  280
257  281
257  282
256  283
256  284
255  285
255  286
254  287
254  288
253  289
252  290
251  291
251  292
250  293
249  294
249  295
248  296
247  297
246  298
246  299
245  300
244  301
243  302
243  303
242  304
241  305
240  306
240  307
239  308
238  309
238  310
237  311
236  312
235  313
234  314
233  315
232  316
231  317
230  318
229  319
228  320
227  320
226  321
225  322
224  323
223  324
222  325
221  326
220  326
219  327
218  328
217  329
216  329
215  330
214  331
213  331
212  332
211  333
210  333
209  334
208  335
207  335
206  336
205  336
204  337
203  338
202  338
201  339
200  339
199  340
198  340
197  341
196  341
195  342
194  342
193  342
192  343
191  343
190  344
189  344
188  344
187  345
186  345
185  346
184  346
183  346
182  346
181  347
180  347
179  347
178  348
177  348
176  348
175  349
174  349
173  349
172  349
171  349
170  350
169  350
168  350
167  350
166  350
165  350
164  351
163  351
162  351
161  351
160  351
159  351
158  351
157  351
156  352
155  352
154  352
153  352
152  352
151  352
150  352
149  352
148  352
147  352
146  352
145  352
144  352
143  352
142  352
141  352
140  352
139  352
138  351
137  351
136  351
135  351
134  351
133  351
132  351
131  351
130  350
129  350
128  350
127  350
126  350
125  350
124  349
123  349
122  349
121  349
120  349
119  348
118  348
117  348
116  347
115  347
114  347
113  346
112  346
111  346
110  346
109  345
108  345
107  344
106  344
105  344
104  343
103  343
102  342
101  342
100  342
99  341
98  341
97  340
96  340
95  339
94  339
93  338
92  338
91  337
90  336
89  336
88  335
87  335
86  334
85  333
84  333
83  332
82  331
81  331
80  330
79  329
78  329
77  328
76  327
75  326
74  326
73  325
72  324
71  323
70  322
69  321
68  320
67  320
66  319
65  318
64  317
63  316
62  315
61  314
60  313
59  312
58  311
57  310
57  309
56  308
55  307
55  306
54  305
53  304
52  303
52  302
51  301
50  300
49  299
49  298
48  297
47  296
46  295
46  294
45  293
44  292
44  291
43  290
42  289
41  288
41  287
40  286
40  285
39  284
39  283
38  282
38  281
37  280
37  279
36  278
36  277
35  276
35  275
34  274
34  273
33  272
33  271
33  270
32  269
32  268
31  267
31  266
30  265
30  264
30  263
29  262
29  261
29  260
28  259
28  258
28  257
27  256
27  255
27  254
26  253
26  252
26  251
26  250
25  249
25  248
25  247
25  246
24  245
24  244
24  243
24  242
23  241
23  240
23  239
23  238
23  237
22  236
22  235
22  234
22  233
22  232
22  231
22  230
22  229
21  228
21  227
21  226
21  225
21  224
21  223
21  222
21  221
21  220
21  219
20  218
20  217
20  216
20  215
20  214
20  213
20  212
20  211
20  210
20  209
20  208
20  207
20  206
20  205
20  204
20  203
20  202
20  201
20  200
20  199
20  198
21  197
21  196
21  195
21  194
21  193
21  192
21  191
21  190
21  189
21  188
22  187
22  186
22  185
22  184
22  183
22  182
22  181
22  180
23  179
23  178
23  177
23  176
23  175
24  174
24  173
24  172
24  171
25  170
25  169
25  168
25  167
26  166
26  165
26  164
26  163
27  162
27  161
27  160
28  159
28  158
28  157
29  156
29  155
29  154
30  153
30  152
30  151
31  150
31  149
32  148
32  147
33  146
33  145
33  144
34  143
34  142
35  141
35  140
36  139
36  138
37  137
37  136
38  135
38  134
39  133
39  132
40  131
40  130
41  129
41  128
42  127
43  126
44  125
44  124
45  123
46  122
46  121
47  120
48  119
49  118
49  117
50  116
51  115
52  114
52  113
53  112
54  111
55  110
55  109
56  108
57  107
57  106
58  105
59  104
60  103
61  102
62  101
63  100
64  99
65  98
66  97
67  96
68  96
69  95
70  94
71  93
72  92
73  91
74  90
75  90
76  89
77  88
78  87
79  87
80  86
81  85
82  85
83  84
84  83
85  83
86  82
87  81
88  81
89  80
90  80
91  79
92  78
93  78
94  77
95  77
96  76
97  76
98  75
99  75
100  74
101  74
102  74
103  73
104  73
105  72
106  72
107  72
108  71
109  71
110  70
111  70
112  70
113  70
114  69
115  69
116  69
117  68
118  68
119  68
120  67
121  67
122  67
123  67
124  67
125  66
126  66
127  66
128  66
129  66
130  66
131  65
132  65
133  65
134  65
135  65
136  65
137  65
138  65
138  65