432  1708
433  1708
434  1708
435  1708
436  1708
437  1708
438  1708
439  1708
440  1708
441  1708
442  1708
443  1708
444  1708
445  1708
446  1708
447  1709
448  1709
449  1709
450  1709
451  1709
452  1709
453  1709
454  1709
455  1709
456  1709
457  1709
458  1709
459  1710
460  1710
461  1710
462  1710
463  1710
464  1710
465  1710
466  1710
467  1710
468  1710
469  1710
470  1710
471  1710
472  1710
473  1711
474  1711
475  1711
476  1711
477  1711
478  1711
479  1711
480  1711
481  1711
482  1711
483  1711
484  1711
485  1712
486  1712
487  1712
488  1712
489  1712
490  1712
491  1712
492  1712
493  1712
494  1712
495  1712
496  1712
497  1712
498  1712
499  1712
500  1712
501  1712
502  1712
503  1712
504  1712
505  1713
506  1713
507  1713
508  1713
509  1713
510  1713
511  1713
512  1713
513  1713
514  1713
515  1713
516  1713
517  1713
518  1713
519  1713
520  1713
521  1714
522  1714
523  1714
524  1714
525  1714
526  1714
527  1714
528  1714
529  1714
530  1714
531  1714
532  1714
533  1714
534  1714
535  1714
536  1714
537  1714
538  1714
539  1714
540  1715
541  1715
542  1715
543  1715
544  1715
545  1715
546  1715
547  1715
548  1715
549  1715
550  1715
551  1715
552  1715
553  1715
554  1715
555  1715
556  1716
557  1716
558  1716
559  1716
560  1716
561  1716
562  1716
563  1716
564  1716
565  1716
566  1716
567  1716
568  1716
569  1716
570  1716
571  1716
572  1716
573  1716
574  1717
575  1717
576  1717
577  1717
578  1717
579  1717
580  1717
581  1717
582  1717
583  1717
584  1717
585  1717
586  1717
587  1717
588  1717
589  1717
590  1717
591  1717
592  1717
593  1717
594  1717
595  1717
596  1718
597  1718
598  1718
599  1718
600  1718
601  1718
602  1718
603  1718
604  1718
605  1718
606  1718
607  1718
608  1718
609  1718
610  1718
611  1718
612  1718
613  1719
614  1720
614  1721
614  1722
614  1723
614  1724
614  1725
614  1726
614  1727
614  1728
614  1729
614  1730
614  1731
614  1732
614  1733
614  1734
614  1735
614  1736
614  1737
614  1738
614  1739
614  1740
614  1741
615  1742
615  1743
615  1744
615  1745
615  1746
615  1747
615  1748
615  1749
615  1750
615  1751
615  1752
615  1753
615  1754
615  1755
615  1756
615  1757
615  1758
616  1759
616  1760
616  1761
616  1762
616  1763
616  1764
616  1765
617  1766
617  1767
617  1768
617  1769
618  1770
618  1771
619  1772
620  1773
621  1774
622  1775
623  1775
624  1775
625  1775
626  1775
627  1775
628  1775
629  1775
630  1775
631  1774
632  1774
633  1774
634  1773
635  1773
636  1772
637  1772
638  1771
639  1771
640  1771
641  1770
642  1770
643  1770
644  1769
645  1769
646  1769
647  1769
648  1769
649  1769
650  1769
651  1768
652  1768
653  1769
654  1769
655  1769
656  1770
657  1770
658  1771
659  1772
660  1773
661  1774
662  1775
663  1776
664  1777
664  1778
665  1779
666  1780
666  1781
666  1782
667  1783
667  1784
667  1785
667  1786
668  1787
668  1788
668  1789
668  1790
668  1791
668  1792
668  1793
668  1794
668  1795
668  1796
668  1797
668  1798
668  1799
668  1800
668  1801
668  1802
668  1803
668  1804
668  1805
668  1806
668  1807
667  1808
667  1809
667  1810
667  1811
666  1812
666  1813
666  1814
665  1815
665  1816
664  1817
663  1818
663  1819
662  1820
662  1821
661  1822
660  1823
659  1824
658  1825
657  1826
656  1826
655  1827
654  1828
653  1828
652  1829
651  1829
650  1829
649  1829
648  1829
647  1829
646  1829
645  1829
644  1829
643  1829
642  1829
641  1829
640  1829
639  1829
638  1828
637  1828
636  1827
635  1827
634  1827
633  1826
632  1826
631  1826
630  1825
629  1825
628  1825
627  1825
626  1824
625  1824
624  1824
623  1824
622  1824
621  1824
620  1824
619  1824
618  1824
617  1824
616  1825
615  1825
614  1825
613  1826
612  1827
611  1828
610  1829
609  1830
609  1831
609  1832
608  1833
607  1834
607  1835
606  1836
606  1837
606  1838
606  1839
606  1840
605  1841
605  1842
605  1843
605  1844
605  1845
605  1846
605  1847
605  1848
605  1849
605  1850
605  1851
605  1852
605  1853
605  1854
605  1855
606  1856
606  1857
606  1858
606  1859
607  1860
607  1861
607  1862
607  1863
608  1864
608  1865
608  1866
609  1867
609  1868
609  1869
610  1870
610  1871
610  1872
611  1873
611  1874
611  1875
612  1876
612  1877
613  1878
613  1879
614  1880
614  1881
614  1882
615  1883
615  1884
616  1885
616  1886
617  1887
617  1888
618  1889
618  1890
619  1891
619  1892
620  1893
620  1894
620  1895
620  1896
620  1897
619  1898
619  1899
619  1900
618  1901
617  1902
616  1903
615  1903
614  1904
613  1905
612  1905
611  1906
610  1906
609  1907
608  1907
607  1907
606  1908
605  1908
604  1909
603  1909
602  1909
601  1910
600  1910
599  1911
598  1911
597  1912
596  1912
595  1913
594  1913
593  1913
592  1913
591  1914
590  1914
589  1914
588  1915
587  1915
586  1916
585  1916
584  1916
583  1916
582  1916
581  1917
580  1917
579  1917
578  1917
577  1918
576  1918
575  1918
574  1918
573  1918
572  1918
571  1918
570  1919
569  1919
568  1919
567  1919
566  1919
565  1919
564  1919
563  1919
562  1919
561  1919
560  1919
559  1919
558  1919
557  1919
556  1919
555  1919
554  1919
553  1919
552  1919
551  1919
550  1919
549  1919
548  1919
547  1919
546  1918
545  1918
544  1918
543  1918
542  1918
541  1918
540  1917
539  1917
538  1917
537  1916
536  1916
535  1916
534  1915
533  1914
532  1913
531  1912
530  1911
529  1910
529  1909
529  1908
529  1907
528  1906
528  1905
528  1904
528  1903
529  1902
529  1901
529  1900
529  1899
530  1898
530  1897
531  1896
531  1895
531  1894
531  1893
531  1892
532  1891
532  1890
532  1889
532  1888
532  1887
533  1886
533  1885
533  1884
533  1883
533  1882
533  1881
533  1880
533  1879
533  1878
532  1877
532  1876
532  1875
532  1874
532  1873
531  1872
530  1871
529  1870
528  1869
527  1868
526  1867
525  1866
524  1866
523  1865
522  1865
521  1865
520  1864
519  1864
518  1863
517  1863
516  1863
515  1863
514  1862
513  1862
512  1862
511  1862
510  1862
509  1862
508  1862
507  1863
506  1863
505  1863
504  1863
503  1863
502  1863
501  1863
500  1864
499  1864
498  1864
497  1864
496  1865
495  1865
494  1865
493  1866
492  1866
491  1866
490  1867
489  1868
488  1868
487  1869
486  1870
485  1871
485  1872
484  1873
484  1874
483  1875
483  1876
483  1877
483  1878
483  1879
483  1880
483  1881
483  1882
483  1883
483  1884
483  1885
483  1886
483  1887
483  1888
484  1889
484  1890
484  1891
484  1892
484  1893
484  1894
484  1895
484  1896
484  1897
483  1898
483  1899
483  1900
483  1901
483  1902
482  1903
481  1904
480  1905
479  1906
478  1907
477  1908
476  1908
475  1909
474  1910
473  1910
472  1911
471  1911
470  1912
469  1912
468  1912
467  1913
466  1913
465  1913
464  1913
463  1914
462  1914
461  1914
460  1914
459  1914
458  1914
457  1914
456  1914
455  1914
454  1914
453  1914
452  1914
451  1914
450  1914
449  1914
448  1914
447  1914
446  1914
445  1914
444  1914
443  1914
442  1914
441  1914
440  1914
439  1914
438  1914
437  1913
436  1913
435  1913
434  1913
433  1913
432  1913
431  1913
430  1913
429  1913
428  1913
427  1913
426  1913
425  1913
424  1913
423  1912
422  1912
421  1912
420  1911
419  1910
418  1909
417  1908
416  1907
416  1906
416  1905
416  1904
416  1903
416  1902
415  1901
415  1900
415  1899
415  1898
415  1897
415  1896
415  1895
416  1894
416  1893
416  1892
416  1891
416  1890
416  1889
416  1888
416  1887
416  1886
416  1885
416  1884
416  1883
416  1882
416  1881
416  1880
417  1879
417  1878
417  1877
417  1876
417  1875
417  1874
417  1873
417  1872
417  1871
417  1870
417  1869
417  1868
417  1867
417  1866
417  1865
417  1864
417  1863
417  1862
417  1861
418  1860
418  1859
418  1858
418  1857
418  1856
418  1855
418  1854
418  1853
418  1852
418  1851
419  1850
419  1849
419  1848
419  1847
419  1846
419  1845
419  1844
419  1843
419  1842
419  1841
419  1840
419  1839
419  1838
419  1837
419  1836
419  1835
419  1834
419  1833
420  1832
420  1831
420  1830
420  1829
420  1828
420  1827
420  1826
421  1825
421  1824
421  1823
421  1822
421  1821
421  1820
421  1819
421  1818
421  1817
421  1816
421  1815
421  1814
421  1813
421  1812
421  1811
421  1810
421  1809
421  1808
421  1807
421  1806
422  1805
422  1804
422  1803
422  1802
422  1801
422  1800
423  1799
423  1798
423  1797
423  1796
423  1795
423  1794
423  1793
423  1792
423  1791
423  1790
423  1789
423  1788
423  1787
423  1786
423  1785
423  1784
423  1783
423  1782
423  1781
423  1780
423  1779
423  1778
423  1777
424  1776
424  1775
424  1774
424  1773
424  1772
424  1771
424  1770
424  1769
424  1768
424  1767
424  1766
424  1765
424  1764
424  1763
424  1762
424  1761
424  1760
425  1759
425  1758
425  1757
425  1756
425  1755
425  1754
425  1753
425  1752
425  1751
425  1750
425  1749
425  1748
425  1747
425  1746
425  1745
425  1744
425  1743
425  1742
425  1741
426  1740
426  1739
426  1738
426  1737
426  1736
426  1735
426  1734
426  1733
426  1732
426  1731
426  1730
426  1729
426  1728
426  1727
426  1726
426  1725
426  1724
427  1723
427  1722
427  1721
427  1720
427  1719
427  1718
427  1717
427  1716
428  1715
428  1714
429  1713
429  1712
430  1711
430  1710
431  1709
431  1709
