181  163
182  163
183  163
184  163
185  163
186  163
187  163
188  163
189  163
190  163
191  163
192  163
193  163
194  163
195  163
196  163
197  163
198  163
199  163
200  163
201  163
202  164
203  164
204  164
205  164
206  164
207  164
208  164
209  164
210  164
211  164
212  164
213  164
214  164
215  164
216  164
217  164
218  164
219  164
220  164
221  164
222  165
223  165
224  165
225  165
226  165
227  165
228  165
229  165
230  166
231  166
232  166
233  166
234  166
235  166
236  166
237  167
238  167
239  167
240  167
241  167
242  167
243  168
244  168
245  168
246  168
247  168
248  168
249  168
250  169
251  169
252  169
253  169
254  169
255  170
256  170
257  170
258  170
259  171
260  171
261  171
262  171
263  172
264  172
265  172
266  172
267  173
268  173
269  173
270  174
271  174
272  174
273  174
274  175
275  175
276  175
277  175
278  176
279  176
280  176
281  177
282  177
283  177
284  178
285  178
286  178
287  179
288  179
289  179
290  180
291  180
292  181
293  181
294  181
295  182
296  182
297  183
298  183
299  184
300  184
301  184
302  185
303  185
304  186
305  186
306  187
307  187
308  188
309  188
310  189
311  190
312  190
313  191
314  191
315  192
316  192
317  193
318  194
319  194
320  195
321  196
322  196
323  197
324  198
325  198
326  199
327  200
328  201
329  202
330  202
331  203
332  204
333  205
334  206
335  207
336  208
337  209
338  210
339  211
339  212
340  213
341  214
342  215
342  216
343  217
344  218
344  219
345  220
345  221
346  222
347  223
347  224
348  225
348  226
348  227
349  228
349  229
349  230
350  231
350  232
350  233
350  234
350  235
350  236
351  237
351  238
351  239
351  240
351  241
351  242
351  243
351  244
351  245
350  246
350  247
350  248
350  249
350  250
350  251
349  252
349  253
349  254
348  255
348  256
348  257
347  258
347  259
346  260
345  261
345  262
344  263
344  264
343  265
342  266
342  267
341  268
340  269
339  270
339  271
338  272
337  273
336  274
335  275
334  276
333  277
332  278
331  279
330  280
329  280
328  281
327  282
326  283
325  284
324  284
323  285
322  286
321  286
320  287
319  288
318  288
317  289
316  290
315  290
314  291
313  291
312  292
311  292
310  293
309  294
308  294
307  295
306  295
305  296
304  296
303  297
302  297
301  298
300  298
299  298
298  299
297  299
296  300
295  300
294  301
293  301
292  301
291  302
290  302
289  303
288  303
287  303
286  304
285  304
284  304
283  305
282  305
281  305
280  306
279  306
278  306
277  307
276  307
275  307
274  307
273  308
272  308
271  308
270  308
269  309
268  309
267  309
266  310
265  310
264  310
263  310
262  311
261  311
260  311
259  311
258  312
257  312
256  312
255  312
254  313
253  313
252  313
251  313
250  313
249  314
248  314
247  314
246  314
245  314
244  314
243  314
242  315
241  315
240  315
239  315
238  315
237  315
236  316
235  316
234  316
233  316
232  316
231  316
230  316
229  317
228  317
227  317
226  317
225  317
224  317
223  317
222  317
221  318
220  318
219  318
218  318
217  318
216  318
215  318
214  318
213  318
212  318
211  318
210  318
209  318
208  318
207  318
206  318
205  318
204  318
203  318
202  318
201  319
200  319
199  319
198  319
197  319
196  319
195  319
194  319
193  319
192  319
191  319
190  319
189  319
188  319
187  319
186  319
185  319
184  319
183  319
182  319
181  319
180  318
179  318
178  318
177  318
176  318
175  318
174  318
173  318
172  318
171  318
170  318
169  318
168  318
167  318
166  318
165  318
164  318
163  318
162  318
161  318
160  317
159  317
158  317
157  317
156  317
155  317
154  317
153  317
152  316
151  316
150  316
149  316
148  316
147  316
146  316
145  315
144  315
143  315
142  315
141  315
140  315
139  314
138  314
137  314
136  314
135  314
134  314
133  314
132  313
131  313
130  313
129  313
128  313
127  312
126  312
125  312
124  312
123  311
122  311
121  311
120  311
119  310
118  310
117  310
116  310
115  309
114  309
113  309
112  308
111  308
110  308
109  308
108  307
107  307
106  307
105  307
104  306
103  306
102  306
101  305
100  305
99  305
98  304
97  304
96  304
95  303
94  303
93  303
92  302
91  302
90  301
89  301
88  301
87  300
86  300
85  299
84  299
83  298
82  298
81  298
80  297
79  297
78  296
77  296
76  295
75  295
74  294
73  294
72  293
71  292
70  292
69  291
68  291
67  290
66  290
65  289
64  288
63  288
62  287
61  286
60  286
59  285
58  284
57  284
56  283
55  282
54  281
53  280
52  280
51  279
50  278
49  277
48  276
47  275
46  274
45  273
44  272
43  271
43  270
42  269
41  268
40  267
40  266
39  265
38  264
38  263
37  262
37  261
36  260
35  259
35  258
34  257
34  256
34  255
33  254
33  253
33  252
32  251
32  250
32  249
32  248
32  247
32  246
31  245
31  244
31  243
31  242
31  241
31  240
31  239
31  238
31  237
32  236
32  235
32  234
32  233
32  232
32  231
33  230
33  229
33  228
34  227
34  226
34  225
35  224
35  223
36  222
37  221
37  220
38  219
38  218
39  217
40  216
40  215
41  214
42  213
43  212
43  211
44  210
45  209
46  208
47  207
48  206
49  205
50  204
51  203
52  202
53  202
54  201
55  200
56  199
57  198
58  198
59  197
60  196
61  196
62  195
63  194
64  194
65  193
66  192
67  192
68  191
69  191
70  190
71  190
72  189
73  188
74  188
75  187
76  187
77  186
78  186
79  185
80  185
81  184
82  184
83  184
84  183
85  183
86  182
87  182
88  181
89  181
90  181
91  180
92  180
93  179
94  179
95  179
96  178
97  178
98  178
99  177
100  177
101  177
102  176
103  176
104  176
105  175
106  175
107  175
108  175
109  174
110  174
111  174
112  174
113  173
114  173
115  173
116  172
117  172
118  172
119  172
120  171
121  171
122  171
123  171
124  170
125  170
126  170
127  170
128  169
129  169
130  169
131  169
132  169
133  168
134  168
135  168
136  168
137  168
138  168
139  168
140  167
141  167
142  167
143  167
144  167
145  167
146  166
147  166
148  166
149  166
150  166
151  166
152  166
153  165
154  165
155  165
156  165
157  165
158  165
159  165
160  165
161  164
162  164
163  164
164  164
165  164
166  164
167  164
168  164
169  164
170  164
171  164
172  164
173  164
174  164
175  164
176  164
177  164
178  164
179  164
180  164