43  42
44  43
44  44
45  45
45  46
46  47
46  48
47  49
47  50
48  51
48  52
49  53
49  54
50  55
50  56
51  57
51  58
52  59
52  60
53  61
53  62
54  63
54  64
55  65
55  66
56  67
56  68
57  69
57  70
58  71
58  72
59  73
59  74
60  75
61  76
61  77
62  78
62  79
63  80
63  81
64  82
64  83
65  84
65  85
66  86
66  87
67  88
67  89
68  90
68  91
69  92
70  93
70  94
71  95
71  96
72  97
72  98
73  99
73  100
74  101
74  102
75  103
76  104
76  105
77  106
77  107
78  108
78  109
79  110
79  111
80  112
81  113
81  114
82  115
82  116
83  117
83  118
84  119
84  120
85  121
86  122
86  123
87  124
87  125
88  126
88  127
89  128
90  129
90  130
91  131
91  132
92  133
93  134
93  135
94  136
94  137
95  138
96  139
96  140
97  141
97  142
98  143
99  144
99  145
100  146
100  147
101  148
102  149
102  150
103  151
104  152
104  153
105  154
105  155
106  156
107  157
107  158
108  159
109  160
109  161
110  162
111  163
111  164
112  165
113  166
113  167
114  168
115  169
115  170
116  171
117  172
117  173
118  174
119  175
119  176
120  177
121  178
122  179
122  180
123  181
124  182
125  183
125  184
126  185
127  186
128  187
129  188
129  189
130  190
131  191
132  192
132  193
133  194
134  195
135  196
136  197
137  198
138  199
139  200
140  201
141  202
142  203
143  204
144  205
145  206
146  207
147  208
148  209
149  209
150  210
151  211
152  212
153  212
154  213
155  213
156  214
157  215
158  215
159  216
160  216
161  216
162  216
163  217
164  217
165  217
166  217
167  217
168  217
169  217
170  217
171  217
172  217
173  216
174  216
175  215
176  215
177  214
178  214
179  213
180  212
181  211
182  210
183  209
183  208
184  207
185  206
186  205
186  204
187  203
188  202
188  201
189  200
189  199
190  198
190  197
191  196
192  195
192  194
192  193
193  192
193  191
194  190
194  189
195  188
195  187
196  186
196  185
197  184
197  183
197  182
198  181
198  180
199  179
199  178
199  177
200  176
200  175
201  174
201  173
201  172
202  171
202  170
203  169
203  168
203  167
204  166
204  165
205  164
205  163
205  162
206  161
206  160
207  159
207  158
207  157
208  156
208  155
209  154
209  153
209  152
210  151
210  150
211  149
211  148
212  147
212  146
212  145
213  144
213  143
214  142
214  141
215  140
215  139
216  138
216  137
217  136
217  135
218  134
218  133
219  132
219  131
220  130
220  129
221  128
221  127
222  126
222  125
223  124
224  123
224  122
225  121
226  120
226  119
227  118
228  117
229  116
229  115
230  114
231  113
232  112
233  111
234  110
235  109
236  108
237  107
238  106
239  105
240  104
241  103
242  103
243  102
244  102
245  101
246  101
247  100
248  99
249  99
250  98
251  98
252  98
253  98
254  97
255  97
256  97
257  97
258  96
259  96
260  96
261  96
262  96
263  96
264  96
265  96
266  96
267  96
268  96
269  96
270  96
271  96
272  97
273  97
274  97
275  97
276  97
277  98
278  98
279  98
280  98
281  98
282  99
283  99
284  100
285  100
286  100
287  101
288  101
289  102
290  102
291  103
292  103
293  103
294  104
295  104
296  105
297  106
298  106
299  107
300  107
301  108
302  108
303  109
304  110
305  110
306  111
307  111
308  112
309  113
310  113
311  114
312  115
313  116
314  116
315  117
316  118
317  119
318  119
319  120
320  121
321  122
322  122
322  123
321  124
321  125
320  126
320  127
319  128
319  129
318  130
318  131
317  132
317  133
316  134
316  135
315  136
314  137
314  138
313  139
313  140
312  141
312  142
311  143
311  144
310  145
310  146
309  147
309  148
308  149
307  150
307  151
306  152
306  153
305  154
305  155
304  156
304  157
303  158
303  159
302  160
302  161
301  162
301  163
300  164
299  165
299  166
298  167
298  168
297  169
297  170
296  171
296  172
295  173
295  174
294  175
294  176
293  177
292  178
292  179
291  180
291  181
290  182
290  183
289  184
289  185
288  186
288  187
287  188
287  189
286  190
285  191
285  192
284  193
284  194
283  195
283  196
282  197
282  198
281  199
281  200
280  201
280  202
279  203
278  204
278  205
277  206
277  207
276  208
276  209
275  210
275  211
274  212
274  213
273  214
273  215
272  216
272  217
271  218
270  219
270  220
269  221
269  222
268  223
268  224
267  225
267  226
266  227
266  228
265  229
265  230
264  231
263  232
263  233
262  234
262  235
261  236
261  237
260  238
260  239
259  240
259  241
258  242
258  243
257  244
256  245
256  246
255  247
255  248
254  249
254  250
253  251
253  252
252  253
252  254
251  255
251  256
250  257
249  258
249  259
248  260
248  261
247  262
247  263
246  264
246  265
245  266
245  267
244  268
244  269
243  270
243  271
242  272
241  273
241  274
240  275
240  276
239  277
239  278
238  279
238  280
237  281
237  282
236  283
236  284
235  285
234  286
234  287
233  288
233  289
232  290
232  291
231  292
231  293
230  294
230  295
229  296
229  297
228  298
227  299
227  300
226  301
226  302
225  303
225  304
224  305
224  306
223  307
223  308
222  309
222  310
221  311
220  312
220  313
219  314
219  315
218  316
218  317
217  318
217  319
216  320
216  321
215  322
215  323
214  324
214  325
213  326
212  327
212  328
211  329
211  330
210  331
210  332
209  333
209  334
208  335
208  336
207  337
207  338
206  339
205  340
205  341
204  342
204  343
203  344
203  345
202  346
202  347
201  348
201  349
200  350
200  351
199  352
198  353
198  354
197  355
197  356
196  357
196  358
195  359
195  360
194  361
194  362
193  363
193  364
192  365
191  366
191  367
190  368
190  369
189  370
189  371
188  372
188  373
187  374
187  375
186  376
186  377
185  378
185  379
184  380
183  381
183  382
182  383
182  384
181  385
181  386
180  387
180  388
179  389
179  390
178  391
178  392
177  393
177  392
176  393
175  393
175  392
174  391
174  390
174  389
173  388
173  387
173  386
172  385
172  384
171  383
171  382
171  381
170  380
170  379
170  378
169  377
169  376
168  375
168  374
168  373
167  372
167  371
167  370
166  369
166  368
165  367
165  366
165  365
164  364
164  363
164  362
163  361
163  360
162  359
162  358
162  357
161  356
161  355
161  354
160  353
160  352
159  351
159  350
159  349
158  348
158  347
157  346
157  345
157  344
156  343
156  342
156  341
155  340
155  339
154  338
154  337
154  336
153  335
153  334
153  333
152  332
152  331
151  330
151  329
151  328
150  327
150  326
150  325
149  324
149  323
148  322
148  321
148  320
147  319
147  318
147  317
146  316
146  315
145  314
145  313
145  312
144  311
144  310
144  309
143  308
143  307
142  306
142  305
142  304
141  303
141  302
140  301
140  300
140  299
139  298
139  297
139  296
138  295
138  294
137  293
137  292
137  291
136  290
136  289
136  288
135  287
135  286
134  285
134  284
134  283
133  282
133  281
133  280
132  279
132  278
131  277
131  276
131  275
130  274
130  273
130  272
129  271
129  270
128  269
128  268
128  267
127  266
127  265
127  264
126  263
126  262
125  261
125  260
125  259
124  258
124  257
123  256
123  255
123  254
122  253
122  252
122  251
121  250
121  249
120  248
120  247
120  246
119  245
119  244
119  243
118  242
118  241
117  240
117  239
117  238
116  237
116  236
116  235
115  234
115  233
114  232
114  231
114  230
113  229
113  228
113  227
112  226
112  225
111  224
111  223
111  222
110  221
110  220
109  219
109  218
109  217
108  216
108  215
108  214
107  213
107  212
106  211
106  210
106  209
105  208
105  207
105  206
104  205
104  204
103  203
103  202
103  201
102  200
102  199
102  198
101  197
101  196
100  195
100  194
100  193
99  192
99  191
99  190
98  189
98  188
97  187
97  186
97  185
96  184
96  183
96  182
95  181
95  180
94  179
94  178
94  177
93  176
93  175
92  174
92  173
92  172
91  171
91  170
91  169
90  168
90  167
89  166
89  165
89  164
88  163
88  162
88  161
87  160
87  159
86  158
86  157
86  156
85  155
85  154
85  153
84  152
84  151
83  150
83  149
83  148
82  147
82  146
82  145
81  144
81  143
80  142
80  141
80  140
79  139
79  138
79  137
78  136
78  135
77  134
77  133
77  132
76  131
76  130
75  129
75  128
75  127
74  126
74  125
74  124
73  123
73  122
72  121
72  120
72  119
71  118
71  117
71  116
70  115
70  114
69  113
69  112
69  111
68  110
68  109
68  108
67  107
67  106
66  105
66  104
66  103
65  102
65  101
65  100
64  99
64  98
63  97
63  96
63  95
62  94
62  93
62  92
61  91
61  90
60  89
60  88
60  87
59  86
59  85
58  84
58  83
58  82
57  81
57  80
57  79
56  78
56  77
55  76
55  75
55  74
54  73
54  72
54  71
53  70
53  69
52  68
52  67
52  66
51  65
51  64
51  63
50  62
50  61
49  60
49  59
49  58
48  57
48  56
48  55
47  54
47  53
46  52
46  51
46  50
45  49
45  48
45  47
44  46
44  45
43  44
43  43