839 1427
839 1426
839 1425
840 1424
840 1423
840 1422
841 1421
842 1420
843 1420
843 1420
844 1419
845 1419
846 1419
847 1419
848 1419
849 1419
850 1419
851 1419
852 1419
853 1419
854 1419
855 1419
856 1419
857 1419
858 1419
859 1419
860 1419
861 1419
862 1419
863 1419
864 1419
865 1419
866 1419
867 1419
868 1419
869 1419
870 1419
871 1419
872 1419
873 1419
874 1419
875 1419
876 1419
877 1419
878 1419
879 1419
880 1419
881 1419
882 1419
883 1419
884 1419
885 1419
886 1419
887 1419
888 1419
889 1419
890 1419
891 1419
892 1419
893 1419
894 1419
895 1420
896 1420
897 1420
898 1420
899 1420
900 1420
901 1420
902 1420
903 1420
904 1420
905 1420
906 1420
907 1420
908 1420
909 1420
910 1420
911 1420
912 1420
913 1420
914 1420
915 1420
916 1420
917 1421
918 1421
919 1421
920 1421
921 1421
922 1421
923 1421
924 1421
925 1421
926 1421
927 1421
928 1421
929 1421
930 1421
931 1421
932 1422
933 1422
934 1422
935 1422
936 1422
937 1422
938 1422
939 1422
940 1422
941 1422
942 1422
943 1422
944 1422
945 1423
946 1423
947 1423
948 1423
949 1423
950 1423
951 1423
952 1423
953 1423
954 1423
955 1423
956 1423
957 1423
958 1423
959 1424
960 1424
961 1424
962 1424
963 1424
964 1424
965 1424
966 1424
967 1424
968 1424
969 1424
970 1425
971 1425
972 1425
973 1425
974 1425
975 1426
976 1426
977 1426
978 1426
979 1426
980 1426
981 1427
982 1427
983 1427
984 1427
985 1427
986 1427
987 1427
988 1428
989 1428
990 1428
991 1428
992 1428
993 1428
994 1428
995 1428
996 1429
997 1429
998 1429
999 1429
1000 1429
1001 1429
1002 1430
1003 1430
1004 1430
1005 1430
1006 1430
1007 1430
1008 1431
1009 1431
1010 1431
1011 1431
1012 1431
1013 1432
1014 1432
1015 1432
1016 1432
1017 1432
1018 1432
1019 1433
1020 1433
1021 1433
1022 1433
1023 1434
1024 1434
1025 1434
1026 1434
1027 1435
1028 1435
1029 1435
1030 1435
1031 1435
1032 1435
1033 1436
1034 1436
1035 1436
1036 1436
1037 1437
1038 1437
1039 1437
1040 1437
1041 1437
1042 1437
1043 1437
1044 1438
1045 1438
1046 1438
1047 1438
1048 1439
1049 1439
1050 1439
1051 1440
1052 1440
1053 1440
1054 1440
1055 1440
1056 1440
1057 1441
1058 1441
1059 1442
1060 1442
1061 1442
1062 1443
1063 1443
1064 1443
1065 1444
1066 1444
1067 1444
1068 1444
1069 1444
1070 1445
1071 1445
1072 1445
1073 1445
1074 1446
1075 1446
1076 1446
1077 1447
1078 1447
1079 1447
1080 1448
1081 1448
1082 1448
1083 1449
1084 1449
1085 1449
1086 1450
1087 1450
1088 1450
1089 1450
1090 1450
1091 1450
1092 1451
1093 1451
1094 1452
1095 1452
1096 1452
1097 1453
1098 1453
1099 1453
1100 1453
1101 1454
1102 1454
1103 1455
1104 1455
1105 1456
1106 1456
1107 1456
1108 1457
1109 1457
1110 1457
1111 1458
1112 1458
1113 1458
1114 1459
1115 1459
1116 1460
1117 1460
1118 1460
1119 1461
1120 1461
1121 1461
1122 1462
1123 1462
1124 1463
1125 1463
1126 1463
1127 1464
1128 1464
1129 1465
1130 1465
1131 1465
1132 1466
1133 1466
1134 1467
1135 1467
1136 1467
1137 1468
1138 1468
1139 1468
1140 1469
1141 1469
1142 1470
1143 1470
1144 1470
1145 1471
1146 1471
1147 1472
1148 1472
1149 1472
1150 1473
1151 1473
1152 1474
1153 1475
1154 1475
1155 1475
1156 1476
1157 1476
1158 1477
1159 1477
1160 1478
1161 1478
1162 1479
1163 1480
1164 1480
1165 1480
1166 1481
1167 1482
1168 1482
1169 1483
1170 1483
1171 1483
1172 1484
1173 1485
1174 1485
1175 1486
1176 1486
1177 1487
1178 1487
1179 1488
1180 1488
1181 1489
1182 1489
1183 1489
1184 1490
1185 1490
1186 1491
1187 1491
1188 1492
1189 1492
1190 1493
1191 1493
1192 1494
1193 1494
1194 1495
1195 1495
1196 1495
1197 1496
1198 1496
1199 1497
1200 1498
1201 1498
1202 1499
1203 1499
1204 1500
1205 1500
1206 1501
1207 1501
1208 1502
1209 1502
1210 1503
1211 1503
1212 1504
1213 1504
1214 1505
1215 1505
1216 1506
1217 1506
1218 1507
1219 1507
1220 1508
1221 1508
1222 1509
1223 1509
1224 1510
1225 1510
1226 1511
1227 1511
1228 1511
1229 1512
1230 1512
1231 1513
1232 1513
1233 1514
1234 1514
1235 1515
1236 1515
1237 1516
1238 1516
1239 1517
1240 1517
1241 1518
1242 1519
1243 1519
1244 1520
1245 1521
1246 1521
1247 1522
1248 1522
1249 1523
1250 1523
1251 1524
1252 1525
1253 1525
1254 1526
1255 1526
1256 1527
1257 1527
1258 1528
1259 1529
1260 1530
1261 1530
1262 1530
1263 1531
1264 1532
1265 1533
1266 1534
1267 1535
1268 1535
1269 1536
1270 1536
1271 1537
1272 1538
1273 1538
1274 1539
1275 1540
1276 1540
1277 1541
1278 1542
1279 1542
1280 1543
1281 1543
1282 1544
1283 1545
1284 1545
1285 1546
1286 1547
1287 1547
1288 1548
1289 1549
1290 1549
1291 1550
1292 1551
1293 1552
1294 1552
1295 1553
1296 1554
1297 1554
1298 1555
1299 1556
1300 1556
1301 1557
1302 1558
1303 1558
1304 1559
1305 1560
1306 1561
1307 1561
1308 1562
1309 1562
1310 1563
1311 1564
1312 1564
1313 1565
1314 1565
1315 1566
1316 1567
1317 1568
1318 1569
1319 1570
1320 1571
1321 1571
1322 1572
1323 1573
1324 1574
1325 1575
1326 1575
1327 1576
1328 1577
1329 1578
1330 1579
1331 1580
1332 1581
1333 1581
1334 1582
1335 1583
1336 1584
1337 1585
1338 1585
1339 1586
1340 1587
1341 1588
1342 1589
1343 1589
1344 1590
1345 1591
1346 1592
1347 1593
1348 1594
1349 1594
1350 1595
1351 1596
1352 1597
1353 1598
1354 1599
1355 1599
1356 1600
1357 1601
1358 1602
1359 1603
1360 1604
1361 1605
1362 1606
1363 1607
1364 1608
1365 1609
1366 1610
1367 1610
1368 1611
1369 1612
1370 1613
1371 1614
1372 1615
1373 1616
1374 1617
1375 1618
1376 1619
1377 1620
1378 1621
1379 1622
1380 1622
1381 1623
1382 1623
1383 1623
1384 1624
1384 1625
1384 1626
1384 1627
1385 1628
1386 1629
1387 1630
1388 1631
1389 1632
1390 1633
1391 1634
1392 1635
1392 1636
1393 1637
1394 1638
1395 1639
1396 1640
1397 1641
1398 1642
1399 1643
1400 1644
1401 1645
1402 1646
1403 1647
1404 1648
1405 1649
1406 1650
1406 1651
1407 1652
1408 1653
1409 1654
1410 1655
1411 1656
1412 1657
1413 1657
1414 1658
1415 1659
1415 1660
1415 1661
1416 1662
1417 1663
1418 1664
1418 1665
1419 1666
1420 1667
1420 1668
1421 1669
1422 1670
1423 1671
1424 1672
1424 1673
1425 1674
1425 1675
1426 1676
1427 1677
1428 1678
1429 1679
1430 1680
1430 1681
1431 1682
1432 1683
1432 1684
1433 1685
1434 1686
1434 1687
1435 1688
1436 1689
1437 1690
1437 1691
1438 1692
1439 1693
1440 1694
1440 1695
1441 1696
1441 1697
1442 1698
1443 1699
1443 1700
1444 1701
1444 1702
1445 1703
1446 1704
1446 1705
1447 1706
1448 1707
1448 1708
1449 1709
1449 1710
1450 1711
1450 1712
1451 1713
1452 1714
1452 1715
1452 1716
1453 1717
1453 1718
1453 1719
1453 1720
1453 1721
1454 1722
1454 1723
1454 1724
1455 1725
1455 1726
1456 1727
1457 1728
1458 1729
1458 1730
1458 1731
1458 1732
1458 1733
1459 1734
1459 1735
1459 1736
1460 1737
1460 1738
1460 1739
1461 1740
1461 1741
1462 1742
1462 1743
1462 1744
1463 1745
1463 1746
1464 1747
1464 1748
1464 1749
1465 1750
1465 1751
1465 1752
1466 1753
1467 1754
1467 1755
1467 1756
1468 1757
1468 1758
1469 1759
1469 1760
1469 1761
1470 1762
1470 1763
1470 1764
1470 1765
1471 1766
1471 1767
1472 1768
1472 1769
1472 1770
1472 1771
1473 1772
1473 1773
1473 1774
1474 1775
1474 1776
1474 1777
1475 1778
1475 1779
1475 1780
1475 1781
1476 1782
1476 1783
1476 1784
1477 1785
1477 1786
1477 1787
1477 1788
1478 1789
1478 1790
1478 1791
1478 1792
1479 1793
1479 1794
1479 1795
1479 1796
1480 1797
1480 1798
1480 1799
1480 1800
1481 1801
1481 1802
1481 1803
1481 1804
1481 1805
1481 1806
1482 1807
1482 1808
1482 1809
1482 1810
1482 1811
1482 1812
1483 1813
1483 1814
1483 1815
1483 1816
1483 1817
1484 1818
1484 1819
1484 1820
1484 1821
1484 1822
1485 1823
1485 1824
1485 1825
1485 1826
1485 1827
1485 1828
1485 1829
1485 1830
1485 1831
1485 1832
1485 1833
1485 1834
1485 1835
1485 1836
1485 1837
1485 1838
1485 1839
1485 1840
1485 1841
1485 1842
1485 1843
1485 1844
1485 1845
1485 1846
1485 1847
1485 1848
1485 1849
1485 1850
1485 1851
1485 1852
1485 1853
1485 1854
1485 1855
1485 1856
1484 1857
1483 1857
1482 1857
1481 1857
1480 1857
1479 1857
1478 1857
1477 1857
1476 1857
1475 1857
1474 1857
1473 1857
1472 1857
1471 1857
1470 1857
1469 1857
1468 1857
1467 1857
1466 1857
1465 1857
1464 1857
1463 1857
1462 1857
1461 1857
1460 1857
1459 1857
1458 1857
1457 1857
1456 1857
1455 1857
1454 1857
1453 1857
1452 1856
1451 1856
1450 1856
1449 1856
1448 1856
1447 1856
1446 1856
1445 1856
1444 1856
1443 1856
1442 1856
1441 1856
1440 1856
1439 1857
1438 1857
1437 1857
1436 1857
1435 1857
1434 1857
1433 1857
1432 1857
1431 1857
1430 1857
1429 1857
1428 1857
1427 1857
1426 1857
1425 1857
1424 1857
1423 1857
1422 1857
1421 1857
1420 1857
1419 1858
1418 1858
1417 1858
1416 1858
1415 1858
1414 1858
1413 1858
1412 1858
1411 1858
1410 1858
1409 1858
1408 1858
1407 1858
1406 1858
1405 1858
1404 1858
1403 1858
1402 1858
1401 1858
1400 1858
1399 1859
1398 1859
1397 1859
1396 1859
1395 1859
1394 1859
1393 1859
1392 1859
1391 1859
1390 1859
1389 1859
1388 1859
1387 1859
1386 1859
1385 1859
1384 1859
1383 1859
1382 1860
1381 1860
1380 1860
1379 1860
1378 1860
1377 1860
1376 1861
1375 1861
1374 1861
1373 1861
1372 1861
1371 1862
1370 1862
1369 1862
1368 1862
1367 1862
1366 1862
1365 1862
1364 1863
1363 1863
1362 1863
1361 1863
1360 1863
1359 1863
1358 1864
1357 1864
1356 1864
1355 1864
1354 1864
1353 1864
1352 1865
1351 1865
1350 1865
1349 1865
1348 1865
1347 1866
1346 1866
1345 1866
1344 1866
1343 1866
1342 1867
1341 1867
1340 1867
1339 1867
1338 1867
1337 1868
1336 1868
1335 1868
1334 1868
1333 1868
1332 1868
1331 1868
1330 1869
1329 1869
1328 1869
1327 1869
1326 1870
1325 1870
1324 1870
1323 1870
1322 1871
1321 1871
1320 1871
1319 1871
1318 1871
1317 1872
1316 1872
1315 1872
1314 1872
1313 1872
1312 1873
1311 1873
1310 1873
1309 1873
1308 1874
1307 1874
1306 1874
1305 1874
1304 1874
1303 1874
1302 1875
1301 1875
1300 1875
1299 1876
1298 1876
1297 1876
1296 1876
1295 1877
1294 1877
1293 1877
1292 1878
1291 1878
1290 1878
1289 1879
1288 1879
1287 1879
1286 1880
1285 1880
1284 1880
1283 1881
1282 1881
1281 1881
1280 1882
1279 1882
1278 1883
1277 1883
1276 1883
1275 1884
1274 1884
1273 1884
1272 1885
1271 1885
1270 1885
1269 1886
1268 1886
1267 1886
1266 1887
1265 1887
1264 1887
1263 1887
1262 1888
1261 1888
1260 1889
1259 1889
1258 1889
1257 1890
1256 1890
1255 1890
1254 1891
1253 1891
1252 1891
1251 1892
1250 1893
1249 1893
1248 1893
1247 1893
1246 1894
1245 1894
1244 1895
1243 1895
1242 1895
1241 1896
1240 1896
1239 1897
1238 1897
1237 1897
1236 1898
1235 1898
1234 1899
1233 1899
1232 1899
1231 1900
1230 1900
1229 1901
1228 1901
1227 1901
1226 1901
1225 1902
1224 1902
1223 1903
1222 1903
1221 1903
1220 1904
1219 1904
1218 1905
1217 1905
1216 1905
1215 1906
1214 1907
1213 1907
1212 1907
1211 1908
1210 1908
1209 1908
1208 1909
1207 1909
1206 1910
1205 1910
1204 1911
1203 1911
1202 1911
1201 1912
1200 1913
1199 1913
1198 1913
1197 1914
1196 1914
1195 1914
1194 1915
1193 1915
1192 1916
1191 1916
1190 1917
1189 1917
1188 1917
1187 1918
1186 1918
1185 1919
1184 1919
1183 1920
1182 1920
1181 1921
1180 1921
1179 1922
1178 1922
1177 1922
1176 1923
1175 1923
1174 1924
1173 1924
1172 1925
1171 1925
1170 1925
1169 1926
1168 1926
1167 1927
1166 1927
1165 1928
1164 1928
1163 1928
1162 1929
1161 1929
1160 1930
1159 1930
1158 1930
1157 1931
1156 1931
1155 1932
1154 1933
1153 1933
1152 1933
1151 1933
1150 1933
1149 1934
1148 1934
1147 1934
1146 1934
1145 1935
1144 1935
1143 1935
1142 1936
1141 1936
1140 1936
1139 1936
1138 1937
1137 1937
1136 1937
1135 1937
1134 1938
1133 1938
1132 1938
1131 1939
1130 1939
1129 1939
1128 1939
1127 1940
1126 1940
1125 1940
1124 1940
1123 1940
1122 1941
1121 1941
1120 1941
1119 1942
1118 1942
1117 1942
1116 1942
1115 1942
1114 1942
1113 1943
1112 1943
1111 1943
1110 1944
1109 1944
1108 1944
1107 1944
1106 1944
1105 1945
1104 1945
1103 1945
1102 1945
1101 1945
1100 1946
1099 1946
1098 1946
1097 1946
1096 1946
1095 1946
1094 1946
1093 1947
1092 1947
1091 1947
1090 1947
1089 1947
1088 1948
1087 1948
1086 1948
1085 1948
1084 1948
1083 1948
1082 1949
1081 1949
1080 1949
1079 1949
1078 1949
1077 1949
1076 1950
1075 1950
1074 1950
1073 1950
1072 1950
1071 1950
1070 1950
1069 1950
1068 1950
1067 1951
1066 1951
1065 1951
1064 1951
1063 1951
1062 1951
1061 1952
1060 1952
1059 1952
1058 1952
1057 1952
1056 1952
1055 1952
1054 1952
1053 1952
1052 1952
1051 1953
1050 1953
1049 1953
1048 1953
1047 1953
1046 1953
1045 1953
1044 1954
1043 1954
1042 1954
1041 1954
1040 1954
1039 1954
1038 1954
1037 1954
1036 1954
1035 1954
1034 1954
1033 1954
1032 1954
1031 1955
1030 1955
1029 1955
1028 1955
1027 1955
1026 1956
1025 1956
1024 1956
1023 1956
1022 1956
1021 1956
1020 1956
1019 1956
1018 1956
1017 1956
1016 1956
1015 1956
1014 1956
1013 1957
1012 1957
1011 1957
1010 1957
1009 1957
1008 1957
1007 1957
1006 1957
1005 1957
1004 1957
1003 1957
1002 1957
1001 1957
1000 1957
999 1957
998 1957
997 1957
996 1957
995 1957
994 1957
993 1957
992 1957
991 1957
990 1957
989 1957
988 1957
987 1957
986 1957
985 1957
984 1957
983 1957
982 1957
981 1957
980 1957
979 1957
978 1957
977 1957
976 1957
975 1957
974 1957
973 1957
972 1957
971 1957
970 1957
969 1957
968 1957
967 1957
966 1957
965 1957
964 1957
963 1957
962 1957
961 1957
960 1957
959 1957
958 1957
957 1957
956 1956
955 1956
954 1956
953 1956
952 1956
951 1956
950 1956
949 1956
948 1956
947 1956
946 1956
945 1956
944 1956
943 1956
942 1956
941 1956
940 1956
939 1955
938 1955
937 1955
936 1955
935 1955
934 1955
933 1955
932 1955
931 1955
930 1954
929 1954
928 1954
927 1954
926 1954
925 1954
924 1954
923 1954
922 1954
921 1953
920 1953
919 1953
918 1953
917 1953
916 1953
915 1953
914 1952
913 1952
912 1952
911 1952
910 1952
909 1952
908 1951
907 1951
906 1951
905 1951
904 1951
903 1951
902 1951
901 1950
900 1950
899 1950
898 1950
897 1949
896 1949
895 1949
894 1949
893 1949
892 1949
891 1949
890 1949
889 1949
888 1949
887 1948
886 1948
885 1948
884 1948
883 1948
882 1948
881 1948
880 1948
879 1948
878 1947
877 1947
876 1947
875 1947
874 1947
873 1946
872 1946
871 1946
870 1946
869 1946
868 1945
867 1945
866 1945
865 1945
864 1945
863 1945
862 1945
861 1944
860 1944
859 1944
858 1944
857 1944
856 1944
855 1943
854 1943
853 1943
852 1943
851 1943
850 1942
849 1942
848 1942
847 1942
846 1941
845 1941
844 1941
843 1941
842 1940
841 1940
840 1940
839 1939
838 1939
837 1939
836 1939
835 1938
834 1938
833 1938
832 1938
831 1937
830 1937
829 1937
828 1937
827 1936
826 1936
825 1936
824 1935
823 1935
822 1935
821 1934
820 1934
819 1934
818 1934
817 1933
816 1932
815 1931
815 1930
814 1929
814 1928
814 1927
814 1926
813 1925
813 1924
813 1923
813 1922
813 1921
813 1920
812 1919
812 1918
812 1917
812 1916
811 1915
811 1914
811 1913
811 1912
811 1911
811 1910
810 1909
810 1908
810 1907
810 1906
810 1905
809 1904
809 1903
809 1902
809 1901
809 1900
808 1899
808 1898
808 1897
808 1896
808 1895
808 1894
807 1893
807 1892
807 1891
807 1890
806 1889
806 1888
806 1887
806 1886
806 1885
806 1884
806 1883
805 1882
805 1881
805 1880
805 1879
805 1878
805 1877
804 1876
804 1875
804 1874
804 1873
804 1872
803 1871
803 1870
803 1869
803 1868
803 1867
803 1866
803 1865
802 1864
802 1863
802 1862
802 1861
802 1860
801 1859
801 1858
801 1857
801 1856
801 1855
801 1854
801 1853
800 1852
800 1851
800 1850
800 1849
800 1848
800 1847
799 1846
799 1845
799 1844
799 1843
799 1842
799 1841
799 1840
799 1839
798 1838
798 1837
798 1836
798 1835
798 1834
798 1833
798 1832
798 1831
798 1830
797 1829
797 1828
797 1827
797 1826
797 1825
797 1824
796 1823
796 1822
796 1821
796 1820
796 1819
796 1818
796 1817
796 1816
796 1815
795 1814
795 1813
795 1812
795 1811
795 1810
795 1809
795 1808
795 1807
795 1806
794 1805
794 1804
794 1803
794 1802
794 1801
794 1800
794 1799
794 1798
793 1797
793 1796
793 1795
793 1794
793 1793
793 1792
793 1791
793 1790
793 1789
793 1788
793 1787
792 1786
792 1785
792 1784
792 1783
792 1782
792 1781
792 1780
792 1779
792 1778
792 1777
792 1776
792 1775
791 1774
791 1773
791 1772
791 1771
791 1770
791 1769
791 1768
791 1767
791 1766
791 1765
791 1764
791 1763
791 1762
791 1761
791 1760
791 1759
790 1758
790 1757
790 1756
790 1755
790 1754
790 1753
790 1752
790 1751
790 1750
790 1749
790 1748
790 1747
790 1746
790 1745
790 1744
790 1743
790 1742
790 1741
790 1740
790 1739
790 1738
790 1737
790 1736
790 1735
790 1734
790 1733
790 1732
790 1731
790 1730
790 1729
790 1728
790 1727
790 1726
790 1725
790 1724
790 1723
790 1722
790 1721
790 1720
790 1719
790 1718
790 1717
790 1716
790 1715
790 1714
790 1713
790 1712
790 1711
790 1710
790 1709
790 1708
790 1707
790 1706
790 1705
790 1704
790 1703
790 1702
790 1701
790 1700
790 1699
790 1698
790 1697
791 1696
791 1695
791 1694
791 1693
791 1692
791 1691
791 1690
791 1689
791 1688
791 1687
791 1686
791 1685
791 1684
791 1683
791 1682
792 1681
792 1680
792 1679
792 1678
792 1677
792 1676
792 1675
792 1674
792 1673
792 1672
793 1671
793 1670
793 1669
793 1668
793 1667
793 1666
793 1665
793 1664
793 1663
793 1662
793 1661
793 1660
793 1659
793 1658
793 1657
793 1656
793 1655
793 1654
793 1653
793 1652
794 1651
794 1650
794 1649
794 1648
795 1647
795 1646
795 1645
795 1644
795 1643
796 1642
796 1641
796 1640
796 1639
796 1638
796 1637
797 1636
797 1635
797 1634
797 1633
797 1632
797 1631
797 1630
797 1629
798 1628
798 1627
798 1626
798 1625
798 1624
798 1623
798 1622
798 1621
798 1620
799 1619
799 1618
799 1617
799 1616
799 1615
799 1614
799 1613
800 1612
800 1611
800 1610
800 1609
800 1608
800 1607
800 1606
801 1605
801 1604
801 1603
801 1602
801 1601
801 1600
802 1599
802 1598
802 1597
802 1596
802 1595
802 1594
802 1593
802 1592
802 1591
803 1590
803 1589
803 1588
803 1587
803 1586
804 1585
804 1584
804 1583
804 1582
804 1581
804 1580
805 1579
805 1578
805 1577
805 1576
805 1575
805 1574
805 1573
806 1572
806 1571
806 1570
806 1569
806 1568
806 1567
807 1566
807 1565
807 1564
807 1563
807 1562
807 1561
808 1560
808 1559
808 1558
808 1557
808 1556
809 1555
809 1554
809 1553
809 1552
809 1551
809 1550
810 1549
810 1548
810 1547
810 1546
810 1545
811 1544
811 1543
811 1542
811 1541
812 1540
812 1539
812 1538
812 1537
812 1536
812 1535
813 1534
813 1533
813 1532
813 1531
813 1530
813 1529
814 1528
814 1527
814 1526
814 1525
815 1524
815 1523
815 1522
815 1521
815 1520
815 1519
815 1518
816 1517
816 1516
816 1515
816 1514
817 1513
817 1512
817 1511
817 1510
818 1509
818 1508
818 1507
818 1506
818 1505
819 1504
819 1503
819 1502
819 1501
819 1500
820 1499
820 1498
820 1497
820 1496
821 1495
821 1494
821 1493
821 1492
821 1491
822 1490
822 1489
822 1488
822 1487
822 1486
823 1485
823 1484
823 1483
823 1482
824 1481
824 1480
824 1479
824 1478
825 1477
825 1476
825 1475
825 1474
825 1473
826 1472
826 1471
826 1470
827 1469
827 1468
827 1467
827 1466
827 1465
827 1464
828 1463
828 1462
828 1461
829 1460
829 1459
829 1458
829 1457
830 1456
830 1455
830 1454
830 1453
831 1452
831 1451
831 1450
831 1449
832 1448
832 1447
832 1446
833 1445
834 1444
834 1443
834 1442
835 1441
835 1440
835 1439
836 1438
836 1437
836 1436
836 1435
837 1434
837 1433
837 1432
838 1431
838 1430
838 1429
838 1428
