136 74
136 73
136 72
136 71
136 70
136 69
136 68
136 67
136 66
136 66
137 65
138 65
139 65
140 65
141 65
142 65
143 65
144 65
145 65
146 65
147 65
148 65
149 66
150 66
151 66
152 66
153 66
154 66
155 66
156 66
157 66
158 66
159 66
160 66
161 66
162 66
163 66
164 66
165 66
166 66
167 66
168 66
169 66
170 66
171 66
172 66
173 66
174 66
175 66
176 66
177 66
178 66
179 66
180 67
181 67
182 67
183 67
184 67
185 67
186 67
187 67
188 67
189 67
190 67
191 67
192 67
193 67
194 67
195 67
196 67
197 67
198 67
199 67
200 67
201 67
202 68
203 68
204 68
205 68
206 68
207 68
208 68
209 68
210 68
211 68
212 68
213 68
214 68
215 68
216 68
217 68
218 68
219 68
220 68
221 68
222 68
223 69
224 69
225 69
226 69
227 69
228 69
229 69
230 69
231 69
232 69
233 69
234 69
235 69
236 69
237 69
238 69
239 69
240 69
241 69
242 69
243 69
244 70
245 70
246 70
247 70
248 70
249 70
250 70
251 70
252 70
253 70
254 70
255 70
256 70
257 70
258 70
259 70
260 70
261 70
262 70
263 70
264 70
265 70
266 70
267 70
268 70
269 70
270 70
271 71
272 71
273 71
274 71
275 71
276 71
277 71
278 71
279 71
280 71
281 71
282 71
283 71
284 71
285 71
286 71
287 71
288 71
289 71
290 71
291 71
292 71
293 71
294 71
295 72
296 72
297 72
298 72
299 72
300 72
301 72
302 72
303 72
304 72
305 72
306 72
307 72
308 72
309 72
310 72
311 72
312 72
313 72
314 72
315 72
316 72
317 73
318 73
319 73
320 73
321 73
322 73
323 73
324 73
325 73
326 73
327 73
328 73
329 73
330 73
331 73
332 73
333 73
334 73
335 73
336 73
337 73
338 73
339 73
340 73
341 74
342 74
343 74
344 74
345 74
346 74
347 74
348 74
349 74
350 74
351 74
352 74
353 74
354 74
355 74
356 74
357 74
358 74
359 74
360 74
361 74
362 74
363 74
364 74
365 74
366 75
367 75
368 75
369 75
370 75
371 75
372 75
373 75
374 75
375 75
376 75
377 75
378 75
379 75
380 75
381 75
382 75
383 75
384 75
385 75
386 75
387 75
388 75
389 75
390 76
391 76
392 76
393 76
394 76
395 76
396 76
397 76
398 76
399 76
400 76
401 76
402 76
403 76
404 76
405 76
406 76
407 76
408 76
409 76
410 76
411 77
412 77
413 77
414 77
415 77
416 77
417 77
418 77
419 77
420 77
421 77
422 77
423 77
424 77
425 77
426 77
427 77
428 77
429 77
430 77
431 77
432 77
433 77
434 77
435 77
436 77
437 77
438 77
439 77
440 78
441 78
442 78
443 79
444 80
444 81
444 82
445 83
445 84
445 85
446 86
446 87
446 88
447 89
447 90
447 91
448 92
448 93
449 94
449 95
449 96
449 97
450 98
450 99
450 100
451 101
451 102
451 103
452 104
452 105
452 106
453 107
453 108
453 109
453 110
454 111
454 112
454 113
455 114
455 115
455 116
456 117
456 118
456 119
456 120
457 121
457 122
457 123
457 124
458 125
458 126
458 127
458 128
459 129
459 130
459 131
459 132
460 133
460 134
460 135
460 136
461 137
461 138
461 139
461 140
462 141
462 142
462 143
462 144
462 145
463 146
463 147
463 148
463 149
464 150
464 151
464 152
464 153
464 154
465 155
465 156
465 157
465 158
465 159
465 160
466 161
466 162
466 163
466 164
466 165
466 166
467 167
467 168
467 169
467 170
467 171
467 172
467 173
468 174
468 175
468 176
468 177
468 178
468 179
468 180
468 181
469 182
469 183
469 184
469 185
469 186
469 187
469 188
469 189
469 190
469 191
469 192
470 193
470 194
470 195
470 196
470 197
470 198
470 199
470 200
470 201
470 202
470 203
470 204
470 205
470 206
470 207
470 208
470 209
470 210
470 211
470 212
470 213
469 214
469 215
469 216
469 217
469 218
469 219
469 220
469 221
469 222
469 223
469 224
469 225
469 226
469 227
469 228
468 229
468 230
468 231
468 232
468 233
468 234
468 235
468 236
468 237
468 238
467 239
467 240
467 241
467 242
467 243
467 244
467 245
466 246
466 247
466 248
466 249
466 250
466 251
466 252
465 253
465 254
465 255
465 256
465 257
464 258
464 259
464 260
464 261
464 262
463 263
463 264
463 265
463 266
462 267
462 268
462 269
462 270
461 271
461 272
461 273
461 274
461 275
460 276
460 277
460 278
460 279
459 280
459 281
459 282
459 283
458 284
458 285
458 286
458 287
457 288
457 289
457 290
456 291
456 292
456 293
456 294
455 295
455 296
455 297
454 298
454 299
454 300
454 301
453 302
453 303
453 304
452 305
452 306
452 307
451 308
451 309
451 310
450 311
450 312
450 313
449 314
449 315
449 316
448 317
448 318
448 319
447 320
447 321
446 322
446 323
446 324
445 325
445 326
444 327
444 328
444 329
443 330
443 331
442 332
442 333
442 334
441 335
441 336
440 337
440 338
440 339
439 340
439 341
438 342
438 343
438 344
437 345
437 346
436 347
436 348
436 349
435 350
435 351
435 352
434 353
434 354
433 355
433 356
432 357
432 358
432 359
431 360
431 361
430 362
430 363
430 364
429 365
429 366
428 367
428 368
428 369
427 370
427 371
427 372
426 373
426 374
425 375
425 376
425 377
424 378
424 379
424 380
423 381
423 382
423 383
422 384
422 385
421 386
421 387
421 388
420 389
420 390
420 391
419 392
419 393
419 394
418 395
418 396
418 397
417 398
417 399
417 400
416 401
416 402
416 403
415 404
415 405
415 406
414 407
414 408
414 409
413 410
413 411
413 412
413 413
412 414
412 415
412 416
411 417
411 418
411 419
410 420
410 421
410 422
410 423
409 424
409 425
409 426
408 427
408 428
408 429
408 430
407 431
407 432
407 433
407 434
406 435
406 436
406 437
406 438
405 439
405 440
405 441
404 442
404 443
404 444
404 445
403 446
403 447
403 448
403 449
402 450
402 451
402 452
402 453
401 454
401 455
401 456
401 457
401 458
400 459
400 460
400 461
400 462
399 463
399 464
399 465
399 466
399 467
398 468
398 469
398 470
398 471
398 472
397 473
397 474
397 475
397 476
397 477
397 478
397 479
396 480
396 481
396 482
396 483
396 484
396 485
395 486
395 487
395 488
395 489
395 490
395 491
395 492
395 493
394 494
394 495
394 496
394 497
394 498
394 499
393 500
392 501
391 502
390 502
389 502
388 502
387 502
386 502
385 502
384 503
383 503
382 503
381 503
380 503
379 503
378 503
377 503
376 503
375 503
374 503
373 503
372 503
371 503
370 503
369 503
368 503
367 503
366 503
365 503
364 503
363 503
362 503
361 503
360 503
359 503
358 503
357 503
356 503
355 503
354 503
353 503
352 503
351 503
350 503
349 502
348 502
347 502
346 502
345 502
344 502
343 502
342 502
341 502
340 502
339 502
338 502
337 502
336 502
335 502
334 502
333 502
332 502
331 502
330 502
329 502
328 502
327 502
326 502
325 502
324 502
323 502
322 502
321 502
320 502
319 502
318 502
317 502
316 502
315 502
314 501
313 501
312 501
311 501
310 501
309 501
308 501
307 501
306 501
305 501
304 500
303 500
302 500
301 500
300 500
299 500
298 499
297 499
296 499
295 499
294 499
293 498
292 498
291 498
290 498
289 497
288 497
287 497
286 497
285 496
284 496
283 496
282 496
281 495
280 495
279 495
278 494
277 494
276 494
275 493
274 493
273 493
272 493
271 492
270 492
269 492
268 491
267 491
266 491
265 490
264 490
263 489
262 489
261 489
260 488
259 488
258 487
257 487
256 486
255 486
254 485
253 485
252 484
251 484
250 483
249 483
248 482
247 482
246 481
245 481
244 480
243 480
242 479
241 479
240 478
239 478
238 477
237 476
236 476
235 475
234 474
233 474
232 473
231 472
230 471
229 471
228 470
227 469
226 468
225 467
224 466
223 465
222 464
221 463
220 462
219 461
218 460
217 459
216 458
215 457
214 456
213 455
212 454
211 453
210 452
209 451
208 450
207 449
207 448
206 447
205 446
204 445
203 444
202 443
202 442
201 441
200 440
200 439
199 438
198 437
197 436
197 435
196 434
195 433
195 432
194 431
193 430
193 429
192 428
191 427
191 426
190 425
189 424
189 423
188 422
187 421
187 420
186 419
185 418
185 417
184 416
184 415
183 414
183 413
182 412
182 411
181 410
181 409
180 408
180 407
179 406
179 405
178 404
178 403
177 402
177 401
177 400
176 399
176 398
175 397
175 396
174 395
174 394
173 393
173 392
173 391
172 390
172 389
171 388
171 387
171 386
170 385
170 384
170 383
169 382
169 381
169 380
168 379
168 378
168 377
167 376
167 375
167 374
166 373
166 372
166 371
165 370
165 369
165 368
165 367
164 366
164 365
164 364
164 363
163 362
163 361
163 360
162 359
162 358
162 357
162 356
161 355
161 354
161 353
161 352
160 351
160 350
160 349
160 348
159 347
159 346
159 345
159 344
158 343
158 342
158 341
158 340
157 339
157 338
157 337
157 336
157 335
156 334
156 333
156 332
156 331
155 330
155 329
155 328
155 327
154 326
154 325
154 324
154 323
153 322
153 321
153 320
153 319
152 318
152 317
152 316
151 315
151 314
151 313
150 312
150 311
150 310
149 309
149 308
149 307
148 306
148 305
147 304
147 303
147 302
146 301
146 300
145 299
145 298
144 297
144 296
143 295
143 294
142 293
142 292
141 291
141 290
140 289
139 288
139 287
138 286
138 285
137 284
136 283
136 282
135 281
135 280
134 279
133 278
132 277
132 276
131 275
130 274
130 273
129 272
128 271
128 270
128 269
128 268
128 267
128 266
128 265
128 264
128 263
128 262
128 261
128 260
128 259
128 258
128 257
128 256
128 255
128 254
129 253
129 252
129 251
129 250
129 249
129 248
129 247
129 246
129 245
129 244
129 243
129 242
129 241
129 240
129 239
129 238
129 237
129 236
129 235
129 234
129 233
129 232
129 231
129 230
129 229
129 228
130 227
130 226
130 225
130 224
130 223
130 222
130 221
130 220
130 219
130 218
130 217
130 216
130 215
130 214
130 213
130 212
130 211
130 210
130 209
131 208
131 207
131 206
131 205
131 204
131 203
131 202
131 201
131 200
131 199
131 198
131 197
131 196
131 195
131 194
131 193
131 192
131 191
131 190
131 189
131 188
131 187
131 186
131 185
131 184
131 183
131 182
131 181
132 180
132 179
132 178
132 177
132 176
132 175
132 174
132 173
132 172
132 171
132 170
132 169
132 168
132 167
132 166
132 165
132 164
132 163
132 162
132 161
132 160
132 159
132 158
132 157
132 156
133 155
133 154
133 153
133 152
133 151
133 150
133 149
133 148
133 147
133 146
133 145
133 144
133 143
133 142
133 141
133 140
133 139
133 138
133 137
133 136
133 135
133 134
133 133
134 132
134 131
134 130
134 129
134 128
134 127
134 126
134 125
134 124
134 123
134 122
134 121
134 120
134 119
134 118
134 117
134 116
134 115
134 114
134 113
134 112
134 111
134 110
134 109
134 108
134 107
134 106
135 105
135 104
135 103
135 102
135 101
135 100
135 99
135 98
135 97
135 96
135 95
135 94
135 93
135 92
135 91
135 90
135 89
135 88
135 87
135 86
135 85
135 84
135 83
135 82
136 81
136 80
136 79
136 78
136 77
136 76
136 75

