957 564
958 564
959 564
960 564
961 564
962 564
963 564
964 564
965 564
965 564
966 563
967 563
968 563
969 563
970 563
971 563
972 563
973 563
974 563
975 563
976 563
977 563
978 563
979 563
980 563
981 563
982 563
983 563
984 563
985 563
986 563
987 563
988 563
989 563
990 563
991 563
992 563
993 563
994 563
995 563
996 563
997 563
998 563
999 563
1000 563
1001 563
1002 563
1003 563
1004 563
1005 563
1006 563
1007 563
1008 563
1009 563
1010 563
1011 563
1012 563
1013 563
1014 563
1015 563
1016 563
1017 563
1018 563
1019 563
1020 563
1021 563
1022 563
1023 563
1024 563
1025 563
1026 563
1027 563
1028 563
1029 564
1030 564
1031 564
1032 564
1033 564
1034 564
1035 564
1036 564
1037 564
1038 564
1039 564
1040 565
1041 565
1042 565
1043 565
1044 565
1045 565
1046 566
1047 566
1048 566
1049 566
1050 566
1051 566
1052 566
1053 567
1054 567
1055 567
1056 567
1057 567
1058 567
1059 568
1060 568
1061 568
1062 568
1063 569
1064 569
1065 569
1066 569
1067 570
1068 570
1069 570
1070 570
1071 571
1072 571
1073 571
1074 571
1075 572
1076 572
1077 572
1078 573
1079 573
1080 573
1081 574
1082 574
1083 574
1084 574
1085 575
1086 575
1087 575
1088 576
1089 576
1090 576
1091 577
1092 577
1093 577
1094 578
1095 578
1096 578
1097 579
1098 579
1099 579
1100 580
1101 580
1102 580
1103 581
1104 581
1105 581
1106 582
1107 582
1108 582
1109 583
1110 583
1111 583
1112 584
1113 584
1114 585
1115 585
1116 585
1117 586
1118 586
1119 587
1120 587
1121 587
1122 588
1123 588
1124 589
1125 589
1126 589
1127 590
1128 590
1129 591
1130 591
1131 591
1132 592
1133 592
1134 593
1135 593
1136 594
1137 594
1138 595
1139 595
1140 596
1141 596
1142 596
1143 597
1144 597
1145 598
1146 598
1147 599
1148 599
1149 600
1150 600
1151 601
1152 601
1153 602
1154 603
1155 603
1156 603
1157 604
1158 605
1159 605
1160 606
1161 606
1162 607
1163 607
1164 608
1165 609
1166 609
1167 610
1168 610
1169 611
1170 612
1171 612
1172 613
1173 613
1174 614
1175 615
1176 615
1177 616
1178 617
1179 617
1180 618
1181 619
1182 619
1183 620
1184 621
1185 621
1186 622
1187 623
1188 624
1189 624
1190 625
1191 626
1192 627
1193 627
1194 628
1195 629
1196 630
1197 630
1198 631
1199 632
1200 633
1201 634
1202 634
1203 635
1204 636
1205 637
1206 638
1207 639
1208 640
1209 640
1210 641
1211 642
1212 643
1213 644
1214 645
1215 646
1216 647
1217 648
1218 648
1219 649
1220 650
1221 651
1222 652
1223 653
1223 654
1223 655
1223 656
1223 657
1223 658
1223 659
1223 660
1223 661
1223 662
1223 663
1223 664
1223 665
1223 666
1223 667
1223 668
1223 669
1223 670
1223 671
1223 672
1223 673
1223 674
1223 675
1223 676
1223 677
1223 678
1223 679
1223 680
1223 681
1223 682
1223 683
1223 684
1223 685
1223 686
1223 687
1223 688
1223 689
1223 690
1223 691
1223 692
1223 693
1223 694
1223 695
1223 696
1223 697
1223 698
1223 699
1223 700
1223 701
1223 702
1223 703
1223 704
1223 705
1223 706
1223 707
1223 708
1223 709
1223 710
1223 711
1223 712
1223 713
1223 714
1223 715
1223 716
1223 717
1223 718
1223 719
1223 720
1223 721
1223 722
1223 723
1223 724
1223 725
1223 726
1223 727
1223 728
1223 729
1223 730
1223 731
1223 732
1223 733
1223 734
1223 735
1223 736
1223 737
1223 738
1223 739
1223 740
1223 741
1223 742
1223 743
1223 744
1223 745
1223 746
1223 747
1223 748
1223 749
1223 750
1223 751
1223 752
1223 753
1223 754
1223 755
1223 756
1223 757
1223 758
1223 759
1223 760
1223 761
1223 762
1223 763
1223 764
1223 765
1223 766
1223 767
1223 768
1223 769
1223 770
1223 771
1223 772
1223 773
1223 774
1223 775
1223 776
1223 777
1223 778
1223 779
1223 780
1223 781
1223 782
1223 783
1223 784
1223 785
1223 786
1223 787
1223 788
1223 789
1223 790
1223 791
1223 792
1223 793
1223 794
1223 795
1223 796
1223 797
1223 798
1223 799
1223 800
1223 801
1223 802
1223 803
1223 804
1223 805
1223 806
1223 807
1223 808
1223 809
1223 810
1223 811
1223 812
1223 813
1223 814
1223 815
1223 816
1223 817
1223 818
1223 819
1223 820
1223 821
1223 822
1223 823
1223 824
1223 825
1223 826
1223 827
1223 828
1223 829
1223 830
1223 831
1223 832
1223 833
1223 834
1223 835
1223 836
1223 837
1223 838
1223 839
1223 840
1223 841
1223 842
1223 843
1223 844
1223 845
1223 846
1223 847
1223 848
1223 849
1223 850
1223 851
1223 852
1223 853
1223 854
1223 855
1223 856
1223 857
1223 858
1223 859
1222 860
1222 861
1222 862
1222 863
1222 864
1222 865
1222 866
1222 867
1222 868
1222 869
1222 870
1222 871
1222 872
1222 873
1222 874
1222 875
1222 876
1222 877
1222 878
1222 879
1222 880
1222 881
1222 882
1222 883
1222 884
1222 885
1222 886
1222 887
1222 888
1222 889
1222 890
1222 891
1222 892
1222 893
1222 894
1222 895
1222 896
1222 897
1222 898
1222 899
1222 900
1222 901
1222 902
1222 903
1222 904
1222 905
1222 906
1222 907
1222 908
1222 909
1222 910
1222 911
1222 912
1222 913
1222 914
1222 915
1223 916
1223 917
1223 918
1223 919
1223 920
1223 921
1223 922
1223 923
1223 924
1223 925
1223 926
1223 927
1223 928
1223 929
1223 930
1222 931
1221 931
1220 932
1219 932
1218 932
1217 932
1216 932
1215 932
1214 932
1213 932
1212 932
1211 932
1210 932
1209 932
1208 932
1207 932
1206 932
1205 932
1204 932
1203 932
1202 932
1201 932
1200 932
1199 932
1198 932
1197 932
1196 932
1195 932
1194 932
1193 932
1192 932
1191 932
1190 932
1189 932
1188 932
1187 932
1186 932
1185 932
1184 932
1183 932
1182 932
1181 932
1180 932
1179 932
1178 932
1177 932
1176 932
1175 932
1174 932
1173 932
1172 932
1171 932
1170 932
1169 932
1168 932
1167 932
1166 932
1165 932
1164 932
1163 932
1162 932
1161 932
1160 932
1159 932
1158 931
1157 931
1156 931
1155 931
1154 931
1153 931
1152 931
1151 931
1150 931
1149 931
1148 931
1147 931
1146 931
1145 931
1144 931
1143 931
1142 931
1141 931
1140 931
1139 931
1138 931
1137 931
1136 931
1135 931
1134 931
1133 931
1132 931
1131 931
1130 931
1129 931
1128 931
1127 931
1126 931
1125 931
1124 931
1123 931
1122 931
1121 931
1120 931
1119 931
1118 931
1117 931
1116 931
1115 931
1114 931
1113 931
1112 931
1111 931
1110 931
1109 931
1108 931
1107 931
1106 931
1105 931
1104 931
1103 931
1102 931
1101 931
1100 931
1099 931
1098 931
1097 931
1096 931
1095 931
1094 931
1093 931
1092 931
1091 931
1090 931
1089 931
1088 931
1087 931
1086 931
1085 931
1084 931
1083 931
1082 931
1081 931
1080 931
1079 931
1078 931
1077 931
1076 931
1075 931
1074 931
1073 931
1072 931
1071 931
1070 931
1069 931
1068 931
1067 931
1066 931
1065 931
1064 931
1063 931
1062 931
1061 931
1060 931
1059 931
1058 931
1057 931
1056 931
1055 931
1054 931
1053 931
1052 931
1051 931
1050 931
1049 931
1048 931
1047 931
1046 931
1045 931
1044 931
1043 931
1042 930
1041 930
1040 930
1039 930
1038 930
1037 930
1036 930
1035 930
1034 930
1033 930
1032 930
1031 930
1030 930
1029 930
1028 930
1027 930
1026 930
1025 930
1024 930
1023 930
1022 930
1021 930
1020 930
1019 930
1018 930
1017 930
1016 930
1015 930
1014 930
1013 930
1012 930
1011 930
1010 930
1009 930
1008 930
1007 930
1006 930
1005 930
1004 930
1003 930
1002 930
1001 930
1000 930
999 930
998 930
997 930
996 930
995 930
994 930
993 930
992 930
991 930
990 930
989 930
988 930
987 930
986 930
985 930
984 930
983 930
982 930
981 930
980 930
979 930
978 930
977 930
976 930
975 930
974 930
973 930
972 930
971 930
970 930
969 930
968 930
967 930
966 930
965 930
964 930
963 930
962 930
961 930
960 930
959 930
958 930
957 929
956 929
955 929
954 929
953 929
952 929
951 929
950 929
949 929
948 929
947 929
946 929
945 929
944 929
943 929
942 929
941 929
940 929
939 929
938 929
937 929
936 929
935 929
934 929
933 929
932 929
931 929
930 929
929 929
928 929
927 929
926 929
925 929
924 929
923 929
922 929
921 929
920 929
919 929
918 929
917 929
916 929
915 929
914 929
913 929
912 929
911 929
910 929
909 929
908 929
907 929
906 929
905 929
904 929
903 929
902 929
901 929
900 929
899 929
898 929
897 929
896 929
895 929
894 929
893 929
892 929
891 929
890 929
889 929
888 929
887 929
886 929
885 929
884 929
883 929
882 929
881 929
880 929
879 929
878 929
877 929
876 929
875 929
874 929
873 929
872 929
871 929
870 929
869 929
868 929
867 929
866 929
865 929
864 929
863 929
862 929
861 929
860 929
859 929
858 929
857 929
856 929
855 929
854 929
853 929
852 928
851 928
850 928
849 928
848 928
847 928
846 928
845 928
844 928
843 928
842 928
841 928
840 928
839 928
838 928
837 928
836 928
835 928
834 928
833 928
832 928
831 928
830 928
829 928
828 928
827 928
826 928
825 928
824 927
825 926
825 925
826 924
827 923
828 922
828 921
829 920
830 919
830 918
831 917
832 916
832 915
833 914
834 913
834 912
835 911
836 910
836 909
837 908
837 907
838 906
839 905
839 904
840 903
841 902
841 901
842 900
843 899
843 898
844 897
845 896
845 895
846 894
846 893
847 892
848 891
848 890
849 889
850 888
850 887
851 886
851 885
852 884
853 883
853 882
854 881
855 880
855 879
856 878
856 877
857 876
858 875
858 874
859 873
859 872
860 871
861 870
861 869
862 868
862 867
863 866
863 865
864 864
865 863
865 862
866 861
866 860
867 859
867 858
868 857
868 856
869 855
869 854
870 853
870 852
871 851
871 850
872 849
872 848
873 847
873 846
874 845
874 844
875 843
875 842
876 841
876 840
876 839
877 838
877 837
878 836
878 835
879 834
879 833
880 832
880 831
881 830
881 829
881 828
882 827
882 826
883 825
883 824
884 823
884 822
885 821
885 820
886 819
886 818
886 817
887 816
887 815
888 814
888 813
889 812
889 811
890 810
890 809
890 808
891 807
891 806
892 805
892 804
893 803
893 802
893 801
894 800
894 799
895 798
895 797
895 796
896 795
896 794
897 793
897 792
897 791
898 790
898 789
898 788
898 787
899 786
899 785
899 784
900 783
900 782
900 781
900 780
901 779
901 778
901 777
902 776
902 775
902 774
902 773
903 772
903 771
903 770
903 769
903 768
904 767
904 766
904 765
904 764
905 763
905 762
905 761
905 760
906 759
906 758
906 757
906 756
907 755
907 754
907 753
907 752
907 751
908 750
908 749
908 748
908 747
909 746
909 745
909 744
909 743
909 742
910 741
910 740
910 739
910 738
910 737
911 736
911 735
911 734
911 733
911 732
912 731
912 730
912 729
912 728
912 727
913 726
913 725
913 724
913 723
913 722
913 721
914 720
914 719
914 718
914 717
914 716
914 715
915 714
915 713
915 712
915 711
915 710
915 709
915 708
916 707
916 706
916 705
916 704
916 703
916 702
916 701
916 700
916 699
917 698
917 697
917 696
917 695
917 694
917 693
917 692
917 691
917 690
917 689
917 688
917 687
917 686
917 685
917 684
917 683
917 682
917 681
917 680
917 679
917 678
917 677
917 676
917 675
917 674
917 673
917 672
917 671
917 670
917 669
917 668
917 667
917 666
917 665
917 664
917 663
917 662
917 661
917 660
917 659
917 658
917 657
917 656
917 655
917 654
917 653
917 652
917 651
917 650
917 649
917 648
917 647
917 646
917 645
917 644
916 643
916 642
916 641
916 640
916 639
916 638
916 637
916 636
916 635
916 634
916 633
916 632
916 631
916 630
916 629
916 628
916 627
915 626
915 625
915 624
915 623
915 622
915 621
915 620
915 619
915 618
915 617
915 616
914 615
914 614
914 613
914 612
914 611
914 610
914 609
913 608
913 607
913 606
913 605
913 604
913 603
912 602
912 601
912 600
912 599
912 598
912 597
911 596
911 595
911 594
911 593
911 592
910 591
910 590
910 589
910 588
910 587
909 586
909 585
909 584
909 583
908 582
908 581
908 580
908 579
908 578
907 577
907 576
907 575
907 574
907 573
908 572
909 572
910 572
911 571
912 571
913 571
914 571
915 570
916 570
917 570
918 570
919 569
920 569
921 569
922 569
923 569
924 569
925 568
926 568
927 568
928 568
929 568
930 567
931 567
932 567
933 567
934 567
935 567
936 567
937 566
938 566
939 566
940 566
941 566
942 566
943 566
944 565
945 565
946 565
947 565
948 565
949 565
950 565
951 564
952 564
953 564
954 564
955 564
956 564

