875  673
876  673
877  673
878  673
879  673
880  673
881  673
882  673
883  673
884  674
885  675
886  676
886  677
886  678
886  679
887  680
887  681
887  682
887  683
888  684
888  685
888  686
888  687
888  688
888  689
889  690
889  691
889  692
889  693
889  694
889  695
890  696
890  697
890  698
890  699
890  700
891  701
891  702
891  703
891  704
892  705
892  706
892  707
892  708
892  709
893  710
893  711
893  712
893  713
893  714
894  715
894  716
894  717
894  718
894  719
895  720
895  721
895  722
896  723
896  724
897  725
897  726
897  727
898  728
898  729
899  730
899  731
900  732
900  733
901  734
901  735
902  736
903  737
903  738
904  739
904  740
905  741
906  742
906  743
907  744
908  745
909  746
910  747
911  748
912  749
913  750
914  751
915  752
916  752
917  753
918  753
919  754
920  754
921  755
922  755
923  755
924  755
925  755
926  756
927  756
928  756
929  756
930  756
931  756
932  756
933  756
934  755
935  755
936  754
937  753
938  753
939  752
940  751
941  750
942  749
943  748
944  747
945  746
946  745
947  744
948  744
949  743
950  742
951  742
952  741
953  741
954  740
955  740
956  739
957  739
958  739
959  739
960  739
961  739
962  739
963  739
964  739
965  740
966  740
967  740
968  740
969  741
970  741
971  742
972  742
973  743
974  743
975  744
976  745
977  746
978  747
979  748
980  749
981  750
982  751
983  752
984  753
985  754
985  755
986  756
986  757
987  758
987  759
987  760
988  761
988  762
988  763
989  764
989  765
989  766
990  767
990  768
990  769
990  770
991  771
991  772
991  773
991  774
991  775
990  776
990  777
990  778
990  779
990  780
989  781
989  782
989  783
988  784
988  785
987  786
987  787
986  788
985  789
984  790
983  791
982  792
981  793
980  794
979  794
978  795
977  795
976  796
975  797
974  797
973  797
972  797
971  798
970  798
969  798
968  799
967  799
966  799
965  800
964  800
963  800
962  801
961  801
960  802
959  803
958  804
957  805
957  806
957  807
956  808
956  809
955  810
955  811
955  812
955  813
955  814
955  815
955  816
955  817
955  818
955  819
955  820
955  821
956  822
956  823
956  824
957  825
957  826
957  827
958  828
958  829
959  830
960  831
960  832
961  833
961  834
962  835
962  836
963  837
964  838
964  839
965  840
966  841
967  842
968  843
969  844
969  845
970  846
971  847
972  848
973  849
974  850
975  851
976  852
977  852
978  853
979  854
980  855
981  856
982  857
983  857
984  858
985  859
986  860
987  861
988  861
989  862
990  863
991  864
992  864
993  865
994  866
995  867
996  868
997  868
998  869
999  870
1000  871
1000  872
1000  873
1000  874
1000  875
999  876
999  877
999  878
998  879
997  880
997  881
996  882
996  883
995  884
994  885
994  886
993  887
992  888
992  889
991  890
991  891
990  892
989  893
988  894
988  895
987  896
986  897
985  898
984  899
983  900
982  901
981  902
980  902
979  903
978  904
977  905
976  906
975  907
974  908
973  908
972  909
971  910
970  910
969  911
968  911
967  912
966  912
965  913
964  914
963  914
962  914
961  914
960  915
959  915
958  915
957  915
956  915
955  914
954  914
953  914
952  913
951  912
950  911
949  910
948  909
947  908
946  907
946  906
946  905
945  904
945  903
945  902
944  901
944  900
944  899
944  898
943  897
943  896
943  895
943  894
943  893
943  892
942  891
942  890
942  889
942  888
941  887
941  886
940  885
939  884
938  883
937  882
936  881
935  881
934  880
933  879
932  879
931  878
930  878
929  877
928  877
927  877
926  876
925  876
924  876
923  876
922  877
921  877
920  877
919  877
918  877
917  877
916  877
915  877
914  878
913  878
912  878
911  878
910  879
909  879
908  880
907  880
906  880
905  881
904  881
903  882
902  883
901  883
900  884
899  885
898  886
897  887
896  888
895  889
894  890
893  891
892  892
892  893
891  894
891  895
890  896
890  897
889  898
889  899
889  900
889  901
889  902
889  903
889  904
889  905
889  906
889  907
889  908
889  909
890  910
890  911
891  912
892  913
892  914
893  915
894  916
895  917
896  918
897  919
898  920
899  921
900  921
901  922
902  923
903  924
904  924
905  925
906  926
907  927
908  928
909  929
910  930
911  931
911  932
911  933
911  934
911  935
911  936
911  937
911  938
910  939
910  940
910  941
909  942
908  943
907  944
906  945
905  946
904  947
903  948
902  949
901  950
900  951
899  951
898  952
897  953
896  954
895  955
894  955
893  956
892  957
891  957
890  958
889  959
888  959
887  959
886  960
885  961
884  961
883  962
882  962
881  962
880  963
879  963
878  963
877  964
876  964
875  964
874  964
873  964
872  964
871  964
870  964
869  964
868  964
867  964
866  964
865  964
864  964
863  964
862  964
861  964
860  964
859  964
858  964
857  964
856  964
855  964
854  964
853  964
852  964
851  964
850  964
849  964
848  963
847  962
847  961
847  960
847  959
847  958
847  957
847  956
847  955
847  954
846  953
846  952
846  951
845  950
845  949
845  948
845  947
845  946
844  945
844  944
844  943
844  942
844  941
844  940
843  939
843  938
843  937
842  936
842  935
842  934
842  933
842  932
841  931
841  930
841  929
840  928
840  927
839  926
839  925
839  924
838  923
838  922
838  921
837  920
837  919
836  918
836  917
835  916
835  915
834  914
834  913
833  912
832  911
831  910
830  909
829  908
828  907
827  906
826  905
825  904
824  904
823  903
822  903
821  903
820  903
819  902
818  902
817  902
816  902
815  903
814  903
813  903
812  904
811  904
810  905
809  906
808  906
807  907
806  908
805  908
804  909
803  910
802  910
801  911
800  912
799  913
798  914
797  914
796  915
795  915
794  916
793  917
792  917
791  917
790  917
789  917
788  917
787  917
786  917
785  917
784  917
783  917
782  916
781  915
780  915
779  914
778  913
777  912
776  911
775  910
774  909
773  908
772  907
771  906
770  905
769  904
769  903
768  902
767  901
766  900
766  899
765  898
765  897
764  896
764  895
764  894
763  893
763  892
763  891
762  890
762  889
762  888
761  887
761  886
761  885
761  884
760  883
760  882
760  881
760  880
761  879
761  878
761  877
762  876
762  875
762  874
762  873
763  872
763  871
764  870
765  869
765  868
766  867
767  866
768  865
769  864
770  863
771  863
772  863
773  863
774  863
775  863
776  862
777  862
778  862
779  862
780  862
781  862
782  861
783  861
784  861
785  861
786  861
787  861
788  861
789  860
790  860
791  860
792  859
793  859
794  858
795  857
796  856
797  855
798  854
798  853
798  852
798  851
799  850
799  849
799  848
799  847
799  846
799  845
799  844
799  843
799  842
799  841
799  840
799  839
799  838
798  837
798  836
798  835
798  834
798  833
797  832
797  831
797  830
796  829
796  828
796  827
795  826
794  825
794  824
793  823
793  822
793  821
792  820
791  819
791  818
790  817
790  816
789  815
788  814
787  813
786  812
785  811
785  810
784  809
784  808
783  807
782  806
781  805
780  804
779  803
778  802
777  801
776  800
775  799
774  798
773  798
772  797
771  796
770  795
769  794
768  794
767  793
766  793
765  792
764  791
763  790
762  789
761  789
760  788
759  788
758  787
757  786
756  786
755  785
754  785
753  784
752  784
751  784
750  783
749  783
748  782
747  782
746  782
745  781
744  780
743  780
742  779
741  778
740  777
739  776
738  775
737  774
737  773
738  772
739  771
739  770
740  769
740  768
741  767
741  766
742  765
742  764
743  763
744  762
744  761
745  760
745  759
746  758
746  757
747  756
747  755
748  754
749  753
749  752
750  751
750  750
751  749
751  748
752  747
753  746
753  745
754  744
754  743
755  742
755  741
756  740
757  739
757  738
758  737
759  736
759  735
760  734
761  733
762  732
763  731
764  730
765  729
766  728
767  727
768  727
769  726
770  726
771  725
772  725
773  725
774  724
775  724
776  723
777  723
778  723
779  723
780  723
781  723
782  723
783  724
784  724
785  724
786  725
787  725
788  726
789  727
790  728
791  729
791  730
791  731
791  732
792  733
792  734
792  735
792  736
793  737
793  738
793  739
794  740
794  741
794  742
794  743
795  744
795  745
795  746
796  747
796  748
797  749
797  750
798  751
798  752
799  753
799  754
800  755
801  756
802  757
803  758
804  759
805  759
806  760
807  760
808  760
809  760
810  760
811  760
812  761
813  761
814  761
815  761
816  761
817  760
818  760
819  760
820  760
821  760
822  760
823  760
824  759
825  759
826  759
827  758
828  758
829  757
830  757
831  756
832  756
833  755
834  754
835  753
836  753
837  752
838  751
839  750
840  749
841  748
842  747
843  747
844  746
845  745
846  744
846  743
847  742
848  741
848  740
848  739
849  738
849  737
849  736
849  735
849  734
849  733
849  732
849  731
849  730
849  729
849  728
848  727
847  726
847  725
846  724
845  723
844  722
843  721
843  720
842  719
841  718
840  717
840  716
839  715
838  714
837  713
836  712
836  711
835  710
835  709
834  708
833  707
833  706
833  705
832  704
833  703
833  702
833  701
833  700
833  699
834  698
834  697
835  696
836  695
836  694
837  693
838  692
839  691
840  690
841  689
841  688
842  687
843  686
844  685
845  684
846  684
847  683
848  682
849  682
850  681
851  680
852  680
853  679
854  679
855  679
856  678
857  678
858  677
859  677
860  677
861  676
862  676
863  676
864  676
865  675
866  675
867  675
868  675
869  675
870  674
871  674
872  674
873  674
874  674
874  674
