672 978
673 977
674 976
675 975
676 974
677 973
677 972
678 971
679 970
679 970
680 969
681 969
682 969
683 969
684 969
685 969
686 969
687 969
688 970
689 971
690 972
691 973
691 974
692 975
692 976
693 977
694 978
695 979
695 980
696 981
696 982
697 983
698 984
699 985
699 986
700 987
701 988
702 989
702 990
703 991
704 992
705 993
705 994
706 995
706 996
707 997
708 998
709 999
710 1000
710 1001
711 1002
712 1003
712 1004
713 1005
714 1006
715 1007
716 1008
717 1009
717 1010
718 1011
719 1012
720 1013
721 1014
721 1015
722 1016
723 1017
724 1018
725 1019
725 1020
726 1021
727 1022
728 1023
729 1024
730 1025
731 1026
731 1027
732 1028
733 1029
734 1030
734 1031
735 1032
736 1033
737 1034
738 1035
739 1036
740 1037
741 1038
742 1039
742 1040
743 1041
744 1042
745 1043
746 1044
747 1045
748 1046
749 1047
750 1048
751 1049
752 1050
753 1051
754 1052
755 1053
756 1054
757 1055
758 1056
759 1057
760 1058
761 1059
762 1060
763 1061
764 1062
765 1063
766 1063
767 1064
768 1065
769 1066
770 1067
771 1068
772 1069
773 1070
774 1070
775 1071
776 1072
777 1073
778 1074
779 1074
780 1075
781 1076
782 1077
783 1077
784 1078
785 1079
786 1080
787 1081
788 1081
789 1082
790 1083
791 1084
792 1085
793 1085
794 1086
795 1087
796 1088
797 1089
798 1089
799 1090
800 1091
801 1091
802 1092
803 1093
804 1094
805 1095
806 1095
807 1096
808 1096
809 1097
810 1098
811 1098
812 1099
813 1100
814 1101
815 1101
816 1102
817 1103
818 1103
819 1104
820 1105
821 1105
822 1106
823 1107
824 1107
825 1108
826 1108
827 1109
828 1110
829 1111
830 1111
831 1112
832 1113
833 1113
834 1114
835 1114
836 1115
837 1115
838 1116
839 1117
840 1117
841 1118
842 1119
843 1119
844 1120
845 1120
846 1121
847 1121
848 1122
849 1122
850 1123
851 1123
852 1124
853 1124
854 1125
855 1125
856 1125
857 1126
858 1127
859 1127
860 1127
861 1128
862 1128
863 1129
864 1129
865 1129
866 1130
867 1130
868 1131
869 1131
870 1132
871 1132
872 1133
873 1133
874 1133
875 1134
876 1134
877 1135
878 1135
879 1135
880 1136
881 1136
882 1136
883 1137
884 1137
885 1137
886 1138
887 1138
888 1138
889 1139
890 1139
891 1139
892 1140
893 1140
894 1141
895 1141
896 1141
897 1142
898 1142
899 1142
900 1143
901 1143
902 1143
903 1143
904 1144
905 1144
906 1144
907 1145
908 1145
909 1145
910 1145
911 1146
912 1146
913 1146
914 1146
915 1147
916 1147
917 1147
918 1147
919 1147
920 1147
921 1148
922 1148
923 1148
924 1148
925 1148
926 1149
927 1149
928 1149
929 1149
930 1149
931 1149
932 1149
933 1150
934 1150
935 1150
936 1150
937 1150
938 1151
939 1151
940 1151
941 1151
942 1151
943 1151
944 1151
945 1152
946 1152
947 1152
948 1152
949 1152
950 1153
951 1153
952 1153
953 1153
954 1153
955 1153
956 1153
957 1154
958 1154
959 1154
960 1154
961 1154
962 1155
963 1155
964 1155
965 1155
966 1155
967 1156
968 1156
969 1156
970 1156
971 1157
972 1157
973 1157
974 1157
975 1157
976 1158
977 1158
978 1158
979 1159
980 1159
981 1159
982 1159
983 1160
984 1160
985 1160
986 1161
987 1161
988 1161
989 1162
990 1162
991 1163
992 1163
993 1163
994 1163
995 1164
996 1164
997 1164
998 1165
999 1165
1000 1165
1001 1166
1002 1166
1003 1167
1004 1167
1005 1167
1006 1168
1007 1169
1008 1169
1009 1169
1010 1170
1011 1170
1012 1171
1013 1171
1014 1172
1015 1172
1016 1173
1017 1173
1018 1173
1019 1174
1020 1174
1021 1175
1022 1175
1023 1176
1024 1176
1025 1177
1026 1177
1027 1178
1028 1178
1029 1179
1030 1179
1031 1180
1032 1181
1033 1182
1034 1182
1035 1183
1036 1183
1037 1183
1038 1183
1039 1183
1040 1184
1040 1185
1041 1186
1042 1187
1043 1188
1044 1189
1045 1190
1046 1191
1047 1191
1048 1192
1049 1193
1050 1193
1051 1194
1052 1195
1053 1195
1054 1196
1055 1197
1056 1198
1057 1199
1058 1200
1059 1201
1060 1201
1061 1202
1062 1203
1063 1204
1064 1205
1065 1206
1066 1207
1067 1207
1068 1208
1069 1209
1070 1210
1071 1211
1072 1212
1073 1213
1074 1214
1075 1215
1076 1215
1077 1216
1078 1217
1079 1218
1080 1219
1081 1220
1082 1221
1083 1222
1084 1223
1085 1224
1086 1225
1087 1226
1088 1227
1089 1227
1090 1228
1091 1229
1092 1230
1093 1231
1094 1232
1095 1233
1096 1234
1097 1235
1098 1236
1099 1237
1100 1238
1101 1239
1102 1239
1103 1240
1104 1241
1105 1242
1106 1243
1107 1244
1108 1245
1109 1245
1110 1246
1111 1247
1112 1248
1113 1249
1114 1250
1115 1251
1116 1252
1117 1253
1118 1253
1119 1254
1120 1255
1121 1256
1122 1257
1123 1257
1124 1258
1125 1259
1126 1260
1127 1261
1128 1261
1129 1262
1130 1263
1131 1263
1132 1264
1133 1265
1134 1266
1134 1267
1134 1268
1134 1269
1134 1270
1134 1271
1134 1272
1134 1273
1134 1274
1133 1275
1133 1276
1132 1277
1131 1278
1131 1279
1130 1280
1130 1281
1129 1282
1128 1283
1128 1284
1127 1285
1126 1286
1126 1287
1125 1288
1124 1289
1124 1290
1123 1291
1122 1292
1122 1293
1121 1294
1120 1295
1120 1296
1119 1297
1118 1298
1117 1299
1117 1300
1116 1301
1115 1302
1114 1303
1114 1304
1113 1305
1112 1306
1111 1307
1111 1308
1110 1309
1109 1310
1108 1311
1108 1312
1107 1313
1106 1314
1106 1315
1105 1316
1104 1317
1103 1318
1102 1319
1102 1320
1101 1321
1100 1322
1100 1323
1099 1324
1098 1325
1097 1326
1096 1327
1096 1328
1095 1329
1094 1330
1093 1331
1093 1332
1092 1333
1091 1334
1090 1335
1089 1336
1088 1337
1088 1338
1087 1339
1086 1340
1085 1341
1085 1342
1084 1343
1083 1344
1082 1345
1081 1346
1080 1347
1079 1348
1079 1349
1078 1350
1077 1351
1076 1352
1075 1353
1074 1354
1073 1355
1072 1356
1071 1357
1070 1358
1069 1359
1068 1360
1067 1361
1066 1362
1065 1363
1064 1364
1063 1365
1062 1366
1061 1367
1061 1368
1060 1369
1059 1370
1058 1371
1057 1372
1056 1373
1055 1374
1054 1375
1053 1376
1052 1377
1051 1378
1050 1379
1049 1380
1048 1381
1047 1382
1046 1383
1045 1384
1044 1385
1043 1386
1042 1387
1042 1388
1041 1389
1040 1390
1039 1391
1038 1392
1037 1393
1036 1394
1035 1395
1034 1396
1033 1397
1032 1398
1031 1399
1031 1400
1030 1401
1029 1402
1028 1403
1027 1404
1026 1405
1026 1406
1025 1407
1024 1408
1023 1409
1022 1410
1021 1411
1021 1412
1020 1413
1020 1414
1019 1415
1018 1416
1017 1417
1017 1418
1016 1419
1015 1420
1015 1421
1014 1422
1013 1423
1013 1424
1012 1425
1011 1426
1011 1427
1010 1428
1009 1429
1009 1430
1008 1431
1007 1432
1007 1433
1006 1434
1005 1435
1005 1436
1004 1437
1003 1438
1003 1439
1002 1440
1001 1441
1001 1442
1001 1443
1000 1444
999 1445
998 1446
997 1447
997 1448
996 1449
995 1450
994 1451
994 1452
993 1453
993 1454
992 1455
991 1456
990 1457
990 1458
989 1459
988 1460
988 1461
987 1462
986 1463
986 1464
985 1465
984 1466
983 1467
983 1468
982 1469
981 1470
981 1471
980 1472
979 1473
979 1474
978 1475
977 1476
976 1477
976 1478
975 1479
974 1480
974 1481
973 1482
973 1483
972 1484
971 1485
971 1486
970 1487
969 1488
969 1489
968 1490
967 1491
967 1492
966 1493
966 1494
965 1495
964 1496
964 1497
963 1498
962 1499
962 1500
961 1501
961 1502
960 1503
960 1504
959 1505
958 1506
958 1507
957 1508
956 1509
956 1510
955 1511
955 1512
954 1513
954 1514
953 1515
952 1516
952 1517
951 1518
951 1519
950 1520
950 1521
949 1522
948 1523
948 1524
948 1525
947 1526
946 1527
946 1528
945 1529
944 1530
943 1530
942 1530
941 1530
940 1530
939 1530
938 1530
937 1530
936 1530
935 1530
934 1530
933 1530
932 1530
931 1530
930 1530
929 1530
928 1530
927 1530
926 1530
925 1530
924 1530
923 1530
922 1530
921 1530
920 1530
919 1530
918 1530
917 1530
916 1530
915 1530
914 1530
913 1530
912 1530
911 1530
910 1530
909 1530
908 1530
907 1530
906 1530
905 1530
904 1530
903 1530
902 1530
901 1530
900 1530
899 1530
898 1530
897 1530
896 1531
895 1531
894 1531
893 1531
892 1531
891 1531
890 1531
889 1531
888 1531
887 1531
886 1531
885 1531
884 1531
883 1531
882 1531
881 1531
880 1531
879 1531
878 1531
877 1531
876 1531
875 1531
874 1531
873 1531
872 1531
871 1531
870 1531
869 1531
868 1531
867 1531
866 1531
865 1531
864 1532
863 1533
862 1534
861 1534
860 1534
859 1534
858 1535
857 1535
856 1535
855 1535
854 1535
853 1536
852 1536
851 1536
850 1536
849 1536
848 1536
847 1537
846 1537
845 1537
844 1537
843 1537
842 1538
841 1538
840 1538
839 1538
838 1538
837 1538
836 1538
835 1538
834 1538
833 1539
832 1539
831 1539
830 1539
829 1539
828 1539
827 1540
826 1540
825 1540
824 1540
823 1540
822 1540
821 1540
820 1540
819 1540
818 1541
817 1541
816 1541
815 1541
814 1541
813 1541
812 1541
811 1542
810 1542
809 1542
808 1542
807 1542
806 1542
805 1542
804 1542
803 1543
802 1543
801 1543
800 1543
799 1543
798 1543
797 1543
796 1543
795 1543
794 1543
793 1543
792 1543
791 1543
790 1543
789 1543
788 1543
787 1543
786 1543
785 1543
784 1543
783 1543
782 1543
781 1543
780 1543
779 1543
778 1543
777 1543
776 1543
775 1543
774 1543
773 1543
772 1543
771 1543
770 1543
769 1542
768 1542
767 1542
766 1542
765 1542
764 1542
763 1542
762 1542
761 1542
760 1542
759 1542
758 1542
757 1542
756 1542
755 1542
754 1541
753 1541
752 1541
751 1541
750 1541
749 1541
748 1541
747 1541
746 1541
745 1541
744 1540
744 1539
744 1538
744 1537
744 1536
744 1535
744 1534
745 1533
746 1532
747 1531
748 1530
749 1529
749 1528
750 1527
751 1526
752 1525
753 1524
754 1523
755 1522
756 1521
756 1520
757 1519
758 1518
759 1517
760 1516
761 1515
762 1514
763 1513
764 1512
765 1511
766 1510
767 1509
767 1508
768 1507
769 1506
770 1505
771 1504
772 1503
773 1502
774 1501
775 1500
776 1499
777 1498
777 1497
777 1496
778 1495
779 1495
780 1494
781 1493
782 1492
783 1491
784 1490
785 1489
786 1488
787 1487
788 1486
789 1485
790 1484
791 1483
792 1482
793 1481
794 1480
795 1479
796 1478
797 1477
798 1476
799 1475
799 1474
800 1473
801 1472
802 1471
803 1470
804 1469
805 1468
806 1467
806 1466
807 1465
808 1464
809 1463
809 1462
810 1461
811 1460
812 1459
813 1458
814 1457
815 1456
816 1455
817 1454
818 1453
818 1452
819 1451
820 1450
821 1449
821 1448
822 1447
823 1446
824 1445
825 1444
825 1443
826 1442
827 1441
827 1440
828 1439
829 1438
830 1437
830 1436
831 1435
832 1434
833 1433
833 1432
834 1431
835 1430
835 1429
836 1428
837 1427
837 1426
838 1425
839 1424
839 1423
840 1422
841 1421
841 1420
842 1419
842 1418
843 1417
843 1416
844 1415
845 1414
845 1413
846 1412
846 1411
847 1410
847 1409
848 1408
849 1407
849 1406
850 1405
850 1404
851 1403
851 1402
852 1401
852 1400
853 1399
853 1398
853 1397
854 1396
854 1395
855 1394
855 1393
855 1392
856 1391
856 1390
857 1389
857 1388
858 1387
858 1386
858 1385
858 1384
859 1383
859 1382
859 1381
860 1380
860 1379
860 1378
861 1377
861 1376
861 1375
862 1374
862 1373
862 1372
862 1371
863 1370
863 1369
863 1368
863 1367
864 1366
864 1365
864 1364
864 1363
864 1362
864 1361
865 1360
865 1359
866 1358
866 1357
866 1356
866 1355
866 1354
866 1353
866 1352
866 1351
866 1350
867 1349
867 1348
867 1347
867 1346
867 1345
868 1344
868 1343
868 1342
868 1341
868 1340
868 1339
868 1338
868 1337
868 1336
868 1335
868 1334
868 1333
868 1332
868 1331
868 1330
868 1329
868 1328
868 1327
868 1326
868 1325
868 1324
868 1323
868 1322
868 1321
868 1320
868 1319
868 1318
868 1317
868 1316
868 1315
868 1314
868 1313
868 1312
867 1311
867 1310
867 1309
867 1308
867 1307
867 1306
867 1305
866 1304
866 1303
866 1302
866 1301
866 1300
865 1299
865 1298
865 1297
864 1296
864 1295
864 1294
863 1293
863 1292
863 1291
862 1290
861 1289
860 1288
859 1287
859 1286
858 1285
858 1284
857 1283
857 1282
856 1281
855 1280
855 1279
854 1278
854 1277
853 1276
852 1275
852 1274
851 1273
850 1272
849 1271
849 1270
848 1269
847 1268
846 1267
845 1266
844 1265
843 1264
842 1263
841 1262
840 1261
839 1260
838 1259
837 1258
836 1257
835 1256
834 1255
833 1254
832 1253
831 1253
830 1252
829 1251
828 1250
827 1250
826 1249
825 1248
824 1248
823 1247
822 1246
821 1246
820 1245
819 1245
818 1244
817 1244
816 1243
815 1243
814 1242
813 1242
812 1241
811 1241
810 1240
809 1240
808 1239
807 1239
806 1238
805 1238
804 1238
803 1238
802 1238
801 1237
800 1237
799 1237
798 1236
797 1236
796 1236
795 1236
794 1236
793 1236
792 1236
791 1235
790 1235
789 1235
788 1235
787 1235
786 1235
785 1235
784 1234
783 1234
782 1234
781 1234
780 1234
779 1234
778 1234
777 1234
776 1234
775 1234
774 1234
773 1234
772 1234
771 1233
770 1233
769 1233
768 1233
767 1233
766 1233
765 1233
764 1233
763 1233
762 1233
761 1233
760 1233
759 1233
758 1233
757 1233
756 1233
755 1233
754 1233
753 1233
752 1233
751 1233
750 1233
749 1234
748 1234
747 1234
746 1234
745 1234
744 1234
743 1234
742 1234
741 1235
740 1235
739 1235
738 1235
737 1235
736 1235
735 1236
734 1236
733 1236
732 1236
731 1236
730 1236
729 1236
728 1236
727 1237
726 1237
725 1237
724 1237
723 1237
722 1237
721 1237
720 1237
719 1237
718 1237
717 1237
716 1238
715 1238
714 1238
713 1238
712 1238
711 1238
710 1238
709 1238
708 1238
707 1238
706 1238
705 1239
704 1239
703 1239
702 1239
701 1239
700 1239
699 1239
698 1240
697 1240
696 1240
695 1240
694 1240
693 1240
692 1240
691 1240
690 1240
689 1240
688 1240
687 1240
686 1240
685 1240
684 1240
683 1241
682 1241
681 1241
680 1241
679 1241
678 1241
677 1241
676 1241
675 1241
674 1241
673 1241
672 1241
671 1241
670 1241
669 1242
668 1242
667 1242
666 1242
665 1242
664 1242
663 1242
662 1242
661 1242
660 1242
659 1242
658 1242
657 1242
656 1242
655 1242
654 1242
653 1242
652 1242
651 1242
650 1242
649 1242
648 1242
647 1242
646 1242
645 1242
644 1242
643 1242
642 1242
641 1241
640 1241
639 1241
638 1241
637 1241
636 1241
635 1240
634 1240
633 1240
632 1240
631 1240
630 1239
629 1238
628 1238
627 1238
626 1238
625 1237
624 1237
623 1237
622 1236
621 1236
620 1236
619 1236
618 1236
617 1235
616 1235
615 1235
614 1235
613 1234
612 1234
611 1233
610 1233
609 1232
608 1232
607 1232
606 1231
605 1231
604 1230
603 1229
602 1229
601 1228
600 1228
599 1227
598 1226
597 1226
596 1226
595 1225
594 1224
593 1224
592 1224
591 1223
590 1222
589 1222
588 1222
587 1221
586 1221
585 1220
584 1219
583 1218
582 1218
581 1217
580 1217
579 1216
578 1216
577 1215
576 1214
575 1214
574 1213
573 1213
572 1212
571 1212
570 1211
569 1210
568 1210
567 1209
566 1208
565 1208
564 1207
563 1206
562 1206
561 1205
560 1204
559 1203
558 1203
557 1202
556 1201
555 1201
554 1200
553 1199
552 1198
551 1197
550 1196
549 1195
548 1194
547 1194
546 1193
545 1193
544 1192
543 1191
542 1190
541 1190
540 1189
539 1188
538 1187
537 1187
536 1186
535 1186
534 1185
533 1185
532 1184
531 1184
530 1183
529 1183
528 1182
527 1182
526 1181
526 1180
526 1179
526 1178
526 1177
526 1176
526 1175
526 1174
526 1173
527 1172
527 1171
528 1170
528 1169
528 1168
529 1167
530 1166
530 1165
531 1164
531 1163
531 1162
532 1161
532 1160
533 1159
534 1158
534 1157
535 1156
535 1155
536 1154
536 1153
537 1152
537 1151
538 1150
538 1149
539 1148
539 1147
540 1146
540 1145
541 1144
541 1143
542 1142
542 1141
543 1140
543 1139
544 1138
545 1137
545 1136
546 1135
546 1134
547 1133
547 1132
548 1131
548 1130
549 1129
550 1128
550 1127
551 1126
552 1125
552 1124
553 1123
553 1122
554 1121
555 1120
555 1119
556 1118
557 1117
557 1116
558 1115
559 1114
559 1113
560 1112
561 1111
561 1110
562 1109
562 1108
563 1107
564 1106
565 1105
565 1104
566 1103
567 1102
568 1101
568 1100
569 1099
569 1098
570 1097
571 1096
572 1095
573 1094
574 1093
575 1092
575 1091
576 1090
577 1089
577 1088
578 1087
579 1086
580 1085
581 1084
582 1083
582 1082
583 1081
584 1080
584 1079
585 1078
586 1077
587 1076
588 1075
589 1074
590 1073
590 1072
591 1071
592 1070
593 1069
593 1068
594 1067
595 1066
596 1065
597 1064
598 1063
599 1062
600 1061
600 1060
601 1059
602 1058
603 1057
603 1056
604 1055
605 1054
606 1053
607 1052
608 1051
609 1050
610 1049
611 1048
611 1047
612 1046
613 1045
614 1044
615 1043
616 1042
617 1041
617 1040
618 1039
619 1038
620 1037
620 1036
621 1035
622 1034
623 1033
624 1032
625 1031
626 1030
627 1029
627 1028
628 1027
629 1026
630 1025
631 1024
632 1023
633 1022
634 1021
634 1020
635 1019
636 1018
637 1017
638 1016
638 1015
639 1014
640 1013
641 1012
642 1011
643 1010
644 1009
644 1008
645 1007
646 1006
647 1005
648 1004
649 1003
650 1002
651 1001
652 1000
653 999
653 998
654 997
655 996
656 995
657 994
658 993
659 992
660 991
661 990
662 989
662 988
663 987
664 986
665 985
666 984
667 983
668 982
669 981
670 980
671 979
