1123  1406
1124  1406
1125  1406
1126  1406
1127  1406
1128  1406
1129  1406
1130  1406
1131  1406
1132  1406
1133  1407
1134  1407
1135  1407
1136  1407
1137  1408
1138  1408
1139  1408
1140  1409
1141  1410
1142  1410
1143  1411
1144  1412
1145  1413
1146  1414
1147  1415
1148  1416
1149  1417
1149  1418
1149  1419
1150  1420
1150  1421
1150  1422
1150  1423
1151  1424
1151  1425
1151  1426
1151  1427
1150  1428
1150  1429
1150  1430
1150  1431
1149  1432
1149  1433
1149  1434
1149  1435
1149  1436
1149  1437
1149  1438
1149  1439
1149  1440
1149  1441
1149  1442
1149  1443
1149  1444
1150  1445
1151  1446
1152  1447
1152  1448
1153  1449
1154  1450
1155  1450
1156  1450
1157  1450
1158  1451
1159  1451
1160  1451
1161  1451
1162  1451
1163  1451
1164  1451
1165  1451
1166  1451
1167  1451
1168  1451
1169  1451
1170  1451
1171  1450
1172  1450
1173  1450
1174  1449
1175  1449
1176  1448
1177  1448
1178  1448
1179  1447
1180  1447
1181  1446
1182  1446
1183  1445
1184  1445
1185  1444
1186  1444
1187  1443
1188  1443
1189  1442
1190  1442
1191  1441
1192  1440
1193  1440
1194  1439
1195  1438
1196  1438
1197  1437
1198  1436
1199  1435
1200  1435
1201  1434
1202  1433
1203  1433
1204  1432
1205  1431
1206  1431
1207  1430
1208  1429
1209  1428
1210  1428
1211  1428
1212  1428
1213  1429
1214  1430
1215  1431
1215  1432
1216  1433
1216  1434
1217  1435
1218  1436
1218  1437
1219  1438
1219  1439
1220  1440
1220  1441
1221  1442
1221  1443
1222  1444
1222  1445
1223  1446
1224  1447
1224  1448
1225  1449
1225  1450
1226  1451
1226  1452
1227  1453
1227  1454
1228  1455
1228  1456
1229  1457
1229  1458
1230  1459
1230  1460
1230  1461
1230  1462
1231  1463
1231  1464
1231  1465
1231  1466
1232  1467
1232  1468
1232  1469
1233  1470
1233  1471
1233  1472
1233  1473
1233  1474
1233  1475
1233  1476
1233  1477
1233  1478
1234  1479
1234  1480
1234  1481
1234  1482
1234  1483
1233  1484
1233  1485
1233  1486
1233  1487
1233  1488
1233  1489
1233  1490
1232  1491
1232  1492
1231  1493
1231  1494
1231  1495
1230  1496
1230  1497
1230  1498
1229  1499
1228  1500
1228  1501
1227  1502
1226  1503
1225  1504
1224  1505
1223  1506
1222  1507
1221  1507
1220  1508
1219  1508
1218  1508
1217  1508
1216  1508
1215  1509
1214  1509
1213  1509
1212  1508
1211  1508
1210  1508
1209  1508
1208  1508
1207  1508
1206  1508
1205  1508
1204  1508
1203  1508
1202  1508
1201  1508
1200  1508
1199  1508
1198  1508
1197  1508
1196  1508
1195  1508
1194  1508
1193  1509
1192  1509
1191  1509
1190  1510
1189  1511
1188  1512
1187  1513
1186  1514
1185  1515
1184  1516
1184  1517
1183  1518
1182  1519
1182  1520
1181  1521
1181  1522
1181  1523
1181  1524
1180  1525
1180  1526
1180  1527
1180  1528
1180  1529
1180  1530
1179  1531
1179  1532
1179  1533
1179  1534
1179  1535
1180  1536
1180  1537
1180  1538
1180  1539
1180  1540
1180  1541
1181  1542
1181  1543
1182  1544
1182  1545
1182  1546
1182  1547
1183  1548
1183  1549
1184  1550
1185  1551
1185  1552
1186  1553
1187  1554
1188  1555
1189  1556
1190  1557
1191  1558
1192  1559
1193  1560
1194  1560
1195  1561
1196  1561
1197  1561
1198  1562
1199  1562
1200  1562
1201  1562
1202  1562
1203  1562
1204  1562
1205  1562
1206  1562
1207  1562
1208  1561
1209  1561
1210  1561
1211  1561
1212  1561
1213  1560
1214  1560
1215  1559
1216  1559
1217  1559
1218  1558
1219  1558
1220  1558
1221  1557
1222  1557
1223  1557
1224  1557
1225  1556
1226  1556
1227  1556
1228  1557
1229  1557
1230  1558
1231  1558
1232  1559
1233  1559
1234  1560
1235  1560
1236  1561
1237  1562
1238  1563
1239  1564
1240  1565
1241  1566
1242  1567
1242  1568
1243  1569
1244  1570
1244  1571
1245  1572
1245  1573
1245  1574
1246  1575
1246  1576
1247  1577
1247  1578
1247  1579
1247  1580
1248  1581
1248  1582
1248  1583
1248  1584
1248  1585
1248  1586
1248  1587
1248  1588
1248  1589
1248  1590
1249  1591
1249  1592
1249  1593
1249  1594
1249  1595
1249  1596
1249  1597
1249  1598
1249  1599
1249  1600
1249  1601
1249  1602
1249  1603
1249  1604
1248  1605
1248  1606
1248  1607
1248  1608
1248  1609
1248  1610
1248  1611
1248  1612
1247  1613
1247  1614
1247  1615
1247  1616
1246  1617
1246  1618
1246  1619
1246  1620
1246  1621
1245  1622
1245  1623
1245  1624
1245  1625
1245  1626
1244  1627
1244  1628
1244  1629
1244  1630
1244  1631
1243  1632
1243  1633
1243  1634
1243  1635
1242  1636
1242  1637
1242  1638
1242  1639
1241  1640
1241  1641
1241  1642
1241  1643
1241  1644
1240  1645
1240  1646
1240  1647
1240  1648
1239  1649
1238  1650
1237  1651
1236  1652
1235  1652
1234  1652
1233  1652
1232  1651
1231  1651
1230  1650
1229  1650
1228  1649
1227  1649
1226  1648
1225  1648
1224  1647
1223  1647
1222  1646
1221  1646
1220  1645
1219  1645
1218  1644
1217  1644
1216  1643
1215  1643
1214  1643
1213  1642
1212  1642
1211  1642
1210  1641
1209  1641
1208  1640
1207  1640
1206  1639
1205  1639
1204  1639
1203  1638
1202  1638
1201  1637
1200  1637
1199  1637
1198  1637
1197  1636
1196  1636
1195  1635
1194  1635
1193  1635
1192  1635
1191  1634
1190  1634
1189  1634
1188  1634
1187  1633
1186  1633
1185  1633
1184  1633
1183  1632
1182  1632
1181  1632
1180  1632
1179  1632
1178  1632
1177  1631
1176  1631
1175  1631
1174  1631
1173  1631
1172  1632
1171  1632
1170  1632
1169  1632
1168  1632
1167  1633
1166  1633
1165  1634
1164  1635
1163  1636
1162  1637
1162  1638
1161  1639
1161  1640
1161  1641
1161  1642
1161  1643
1161  1644
1161  1645
1162  1646
1162  1647
1163  1648
1163  1649
1164  1650
1165  1651
1165  1652
1166  1653
1167  1654
1167  1655
1167  1656
1168  1657
1168  1658
1168  1659
1168  1660
1168  1661
1168  1662
1168  1663
1168  1664
1168  1665
1168  1666
1167  1667
1167  1668
1167  1669
1167  1670
1167  1671
1166  1672
1165  1673
1165  1674
1164  1675
1163  1676
1162  1677
1161  1678
1160  1679
1159  1679
1158  1680
1157  1681
1156  1682
1155  1682
1154  1683
1153  1683
1152  1684
1151  1684
1150  1684
1149  1684
1148  1685
1147  1685
1146  1685
1145  1686
1144  1686
1143  1686
1142  1686
1141  1686
1140  1686
1139  1686
1138  1686
1137  1686
1136  1686
1135  1686
1134  1686
1133  1686
1132  1686
1131  1686
1130  1685
1129  1685
1128  1685
1127  1685
1126  1684
1125  1684
1124  1683
1123  1683
1122  1682
1121  1681
1120  1680
1119  1679
1118  1678
1118  1677
1117  1676
1116  1675
1116  1674
1115  1673
1114  1672
1114  1671
1114  1670
1114  1669
1114  1668
1114  1667
1114  1666
1114  1665
1114  1664
1114  1663
1114  1662
1115  1661
1115  1660
1115  1659
1116  1658
1116  1657
1116  1656
1116  1655
1117  1654
1117  1653
1117  1652
1117  1651
1117  1650
1117  1649
1117  1648
1117  1647
1117  1646
1117  1645
1116  1644
1116  1643
1115  1642
1114  1641
1113  1640
1112  1639
1111  1638
1110  1638
1109  1637
1108  1637
1107  1636
1106  1636
1105  1635
1104  1635
1103  1635
1102  1635
1101  1635
1100  1635
1099  1635
1098  1635
1097  1635
1096  1635
1095  1635
1094  1635
1093  1635
1092  1635
1091  1635
1090  1635
1089  1635
1088  1636
1087  1636
1086  1636
1085  1636
1084  1637
1083  1637
1082  1637
1081  1637
1080  1638
1079  1638
1078  1639
1077  1639
1076  1640
1075  1640
1074  1641
1073  1641
1072  1642
1071  1642
1070  1643
1069  1643
1068  1644
1067  1644
1066  1645
1065  1646
1064  1646
1063  1646
1062  1646
1061  1645
1060  1644
1059  1643
1058  1642
1057  1641
1056  1640
1056  1639
1055  1638
1054  1637
1054  1636
1053  1635
1052  1634
1051  1633
1051  1632
1050  1631
1049  1630
1049  1629
1048  1628
1047  1627
1047  1626
1046  1625
1046  1624
1045  1623
1045  1622
1044  1621
1043  1620
1043  1619
1042  1618
1042  1617
1041  1616
1041  1615
1040  1614
1040  1613
1039  1612
1039  1611
1039  1610
1038  1609
1038  1608
1037  1607
1037  1606
1036  1605
1036  1604
1036  1603
1035  1602
1035  1601
1034  1600
1034  1599
1033  1598
1033  1597
1033  1596
1033  1595
1032  1594
1032  1593
1032  1592
1032  1591
1031  1590
1032  1589
1032  1588
1032  1587
1032  1586
1032  1585
1033  1584
1033  1583
1033  1582
1034  1581
1035  1580
1036  1579
1037  1578
1038  1577
1039  1576
1040  1575
1041  1575
1042  1575
1043  1574
1044  1574
1045  1574
1046  1574
1047  1574
1048  1575
1049  1575
1050  1575
1051  1575
1052  1575
1053  1576
1054  1576
1055  1576
1056  1576
1057  1576
1058  1576
1059  1576
1060  1576
1061  1577
1062  1577
1063  1577
1064  1577
1065  1577
1066  1577
1067  1577
1068  1576
1069  1576
1070  1575
1071  1575
1072  1574
1073  1574
1074  1573
1075  1573
1076  1572
1077  1571
1078  1570
1079  1569
1080  1568
1080  1567
1081  1566
1081  1565
1082  1564
1082  1563
1083  1562
1083  1561
1083  1560
1083  1559
1083  1558
1084  1557
1084  1556
1084  1555
1084  1554
1084  1553
1084  1552
1084  1551
1084  1550
1084  1549
1084  1548
1084  1547
1084  1546
1084  1545
1084  1544
1084  1543
1083  1542
1083  1541
1083  1540
1083  1539
1083  1538
1082  1537
1082  1536
1081  1535
1081  1534
1080  1533
1079  1532
1078  1531
1077  1530
1076  1529
1075  1529
1074  1528
1073  1527
1072  1527
1071  1526
1070  1526
1069  1526
1068  1526
1067  1526
1066  1526
1065  1526
1064  1526
1063  1526
1062  1526
1061  1526
1060  1526
1059  1526
1058  1526
1057  1526
1056  1527
1055  1527
1054  1527
1053  1528
1052  1528
1051  1528
1050  1529
1049  1529
1048  1529
1047  1530
1046  1530
1045  1531
1044  1531
1043  1531
1042  1531
1041  1531
1040  1531
1039  1531
1038  1531
1037  1531
1036  1531
1035  1530
1034  1530
1033  1529
1032  1528
1031  1527
1030  1526
1029  1525
1029  1524
1028  1523
1027  1522
1027  1521
1026  1520
1025  1519
1025  1518
1024  1517
1024  1516
1024  1515
1023  1514
1023  1513
1022  1512
1022  1511
1022  1510
1021  1509
1021  1508
1021  1507
1021  1506
1020  1505
1020  1504
1020  1503
1020  1502
1020  1501
1019  1500
1019  1499
1019  1498
1019  1497
1019  1496
1019  1495
1019  1494
1019  1493
1019  1492
1019  1491
1018  1490
1018  1489
1018  1488
1018  1487
1018  1486
1018  1485
1018  1484
1018  1483
1018  1482
1018  1481
1018  1480
1019  1479
1019  1478
1019  1477
1019  1476
1019  1475
1019  1474
1019  1473
1019  1472
1019  1471
1019  1470
1020  1469
1020  1468
1020  1467
1020  1466
1020  1465
1021  1464
1021  1463
1021  1462
1021  1461
1021  1460
1021  1459
1022  1458
1022  1457
1022  1456
1023  1455
1024  1455
1025  1455
1026  1456
1027  1456
1028  1457
1029  1458
1030  1458
1031  1459
1032  1459
1033  1460
1034  1460
1035  1461
1036  1461
1037  1462
1038  1462
1039  1462
1040  1463
1041  1463
1042  1463
1043  1464
1044  1464
1045  1465
1046  1465
1047  1465
1048  1466
1049  1466
1050  1466
1051  1466
1052  1467
1053  1467
1054  1467
1055  1468
1056  1468
1057  1468
1058  1468
1059  1468
1060  1469
1061  1469
1062  1469
1063  1469
1064  1469
1065  1469
1066  1469
1067  1469
1068  1469
1069  1469
1070  1469
1071  1469
1072  1469
1073  1469
1074  1469
1075  1469
1076  1469
1077  1469
1078  1469
1079  1469
1080  1469
1081  1469
1082  1469
1083  1469
1084  1469
1085  1469
1086  1469
1087  1469
1088  1469
1089  1468
1090  1468
1091  1468
1092  1468
1093  1467
1094  1467
1095  1467
1096  1466
1097  1466
1098  1465
1099  1465
1100  1464
1101  1464
1102  1463
1103  1462
1104  1461
1105  1460
1106  1459
1106  1458
1107  1457
1107  1456
1107  1455
1107  1454
1107  1453
1107  1452
1107  1451
1107  1450
1107  1449
1107  1448
1106  1447
1106  1446
1105  1445
1105  1444
1105  1443
1104  1442
1104  1441
1103  1440
1103  1439
1102  1438
1102  1437
1101  1436
1101  1435
1101  1434
1101  1433
1100  1432
1100  1431
1100  1430
1100  1429
1100  1428
1100  1427
1099  1426
1099  1425
1100  1424
1100  1423
1101  1422
1102  1421
1102  1420
1103  1419
1104  1418
1105  1417
1106  1416
1107  1415
1108  1414
1109  1413
1110  1412
1111  1411
1112  1411
1113  1410
1114  1410
1115  1409
1116  1409
1117  1408
1118  1408
1119  1407
1120  1407
1121  1407
1122  1407
1122  1407
