307 337
307 336
307 335
307 334
307 333
307 332
307 331
307 330
307 329
307 329
308 328
309 328
310 328
311 328
312 329
313 329
314 330
315 330
316 331
317 331
318 331
319 332
320 332
321 333
322 333
323 334
324 334
325 335
326 335
327 336
328 337
329 337
330 337
331 338
332 339
333 339
334 340
335 341
336 341
337 342
338 343
339 343
340 344
341 345
342 346
343 347
344 347
345 348
346 349
347 349
348 350
349 351
350 351
351 352
352 353
353 354
354 355
355 355
356 356
357 357
358 358
359 359
360 360
361 361
362 361
363 362
364 363
365 364
366 365
367 366
368 367
369 368
370 369
371 370
372 371
373 371
374 372
375 373
376 374
377 375
378 376
379 377
380 378
381 379
382 380
383 381
384 382
385 383
386 384
387 385
388 386
389 387
390 388
391 389
392 390
393 391
394 392
395 393
396 394
397 395
397 396
398 397
399 398
400 399
401 400
402 401
403 402
403 403
404 404
405 405
406 406
407 407
407 408
408 409
409 410
410 411
411 412
412 413
413 414
414 415
414 416
415 417
416 418
416 419
417 420
418 421
418 422
419 423
419 424
420 425
421 426
421 427
422 428
422 429
423 430
424 431
424 432
425 433
425 434
426 435
426 436
426 437
427 438
428 439
428 440
428 441
429 442
429 443
429 444
430 445
430 446
430 447
431 448
431 449
431 450
432 451
432 452
433 453
433 454
433 455
433 456
434 457
434 458
434 459
434 460
435 461
435 462
435 463
436 464
436 465
436 466
436 467
437 468
437 469
437 470
437 471
438 472
438 473
438 474
439 475
439 476
439 477
439 478
439 479
440 480
440 481
440 482
440 483
440 484
441 485
441 486
441 487
441 488
441 489
442 490
442 491
442 492
442 493
442 494
442 495
442 496
443 497
443 498
443 499
443 500
443 501
443 502
443 503
443 504
444 505
444 506
444 507
444 508
444 509
444 510
444 511
444 512
444 513
444 514
445 515
445 516
445 517
445 518
445 519
445 520
445 521
445 522
445 523
445 524
445 525
445 526
444 527
444 528
444 529
444 530
444 531
444 532
444 533
444 534
444 535
444 536
444 537
443 538
443 539
443 540
443 541
443 542
443 543
443 544
442 545
442 546
442 547
442 548
442 549
441 550
441 551
441 552
441 553
441 554
441 555
440 556
440 557
440 558
440 559
440 560
440 561
439 562
439 563
439 564
439 565
439 566
439 567
438 568
438 569
438 570
438 571
438 572
438 573
438 574
438 575
437 576
437 577
437 578
437 579
437 580
437 581
437 582
437 583
437 584
437 585
437 586
437 587
437 588
437 589
437 590
437 591
437 592
437 593
437 594
438 595
438 596
438 597
438 598
438 599
438 600
438 601
439 602
439 603
439 604
439 605
439 606
439 607
439 608
438 609
437 610
436 610
435 611
434 611
433 612
432 612
431 613
430 613
429 614
428 614
427 615
426 615
425 616
424 616
423 617
422 617
421 618
420 618
419 619
418 619
417 620
416 620
415 621
414 621
413 622
412 622
411 623
410 623
409 624
408 624
407 625
406 625
405 626
404 626
403 627
402 627
401 628
400 628
399 629
398 629
397 630
396 630
395 631
394 631
393 632
392 632
391 633
390 633
389 634
388 634
387 635
386 635
385 636
384 636
383 637
382 637
381 638
380 638
379 638
378 639
377 640
376 640
375 640
374 641
373 641
372 642
371 642
370 643
369 643
368 644
367 644
366 645
365 645
364 646
363 646
362 647
361 647
360 648
359 648
358 649
357 649
356 650
355 650
354 651
353 651
352 652
351 652
350 653
349 653
348 654
347 654
346 654
345 655
344 656
343 656
342 656
341 657
340 657
339 658
338 658
337 659
336 659
335 660
334 660
333 661
332 661
331 662
330 662
329 663
328 663
327 664
326 664
325 665
324 665
323 666
322 666
321 667
320 667
319 668
318 668
317 669
316 669
315 670
314 670
313 671
312 671
311 672
310 672
309 673
308 673
307 674
306 674
305 674
304 675
303 676
302 676
301 676
300 677
299 678
298 678
297 678
296 679
295 680
294 680
293 680
292 681
291 682
290 682
289 682
288 683
287 683
286 684
285 684
284 685
283 685
282 686
281 686
280 687
279 687
278 688
277 688
276 689
275 689
274 690
273 690
272 691
271 691
270 692
269 692
268 693
267 693
266 694
265 694
264 695
263 695
262 696
261 696
260 697
259 697
258 698
257 698
256 699
255 699
254 700
253 700
252 700
251 701
250 702
249 702
248 702
247 703
246 704
245 704
244 704
243 704
242 704
241 704
240 703
239 702
238 701
238 700
237 699
236 698
236 697
235 696
234 695
234 694
233 693
232 692
232 691
232 690
231 689
231 688
230 687
230 686
229 685
229 684
229 683
228 682
228 681
227 680
227 679
226 678
226 677
226 676
226 675
225 674
225 673
225 672
224 671
224 670
223 669
223 668
223 667
222 666
222 665
222 664
221 663
221 662
221 661
221 660
221 659
221 658
221 657
221 656
221 655
221 654
221 653
221 652
220 651
220 650
220 649
220 648
220 647
220 646
220 645
219 644
219 643
219 642
219 641
219 640
219 639
219 638
219 637
219 636
219 635
219 634
219 633
219 632
219 631
219 630
219 629
219 628
219 627
219 626
218 625
218 624
218 623
218 622
218 621
218 620
218 619
218 618
218 617
218 616
218 615
218 614
218 613
218 612
218 611
218 610
218 609
218 608
218 607
217 606
217 605
217 604
217 603
217 602
217 601
217 600
217 599
217 598
217 597
217 596
216 595
216 594
216 593
216 592
216 591
216 590
215 589
215 588
215 587
214 586
214 585
213 584
213 583
213 582
212 581
212 580
211 579
211 578
211 577
210 576
210 575
209 574
209 573
208 572
208 571
207 570
207 569
206 568
206 567
205 566
205 565
204 564
203 563
203 562
202 561
202 560
201 559
200 558
199 557
199 556
198 555
197 554
197 553
196 552
195 551
195 550
194 549
193 548
192 547
191 546
190 545
190 544
189 543
188 542
187 541
186 540
186 539
185 538
184 537
183 536
182 535
181 534
181 533
180 532
179 531
178 530
177 529
176 528
176 527
175 526
174 525
173 524
172 523
171 522
170 521
169 520
168 519
167 518
166 517
165 516
164 515
163 514
162 514
161 513
160 512
159 511
158 510
157 509
156 508
155 507
154 506
153 505
152 504
151 503
150 502
149 501
149 500
149 499
149 498
150 497
151 496
152 495
153 494
154 493
155 493
156 492
157 491
158 491
159 490
160 489
161 489
162 488
163 487
164 486
165 485
166 485
167 484
168 483
169 482
170 482
171 481
172 481
173 480
174 479
175 479
176 478
177 477
178 476
179 476
180 475
181 474
182 474
183 473
184 472
185 472
186 471
187 471
188 470
189 469
190 468
191 468
192 467
193 467
194 466
195 465
196 465
197 464
198 464
199 463
200 463
201 462
202 461
203 461
204 460
205 459
206 459
207 458
208 458
209 457
210 457
211 456
212 455
213 455
214 454
215 453
216 453
217 452
218 452
219 451
220 451
221 450
222 449
223 449
224 448
225 447
226 447
227 446
228 446
229 445
230 445
231 444
232 443
233 443
234 442
235 441
236 441
237 440
238 439
239 439
240 438
241 438
242 437
243 436
244 436
245 435
246 434
247 433
248 433
249 432
250 431
251 431
252 430
253 429
254 429
255 428
256 427
257 427
258 426
259 425
260 425
261 424
262 423
263 422
264 421
265 421
266 420
267 419
268 418
269 417
270 416
271 415
272 414
273 413
274 412
275 411
276 410
277 409
278 408
279 407
280 406
281 405
282 404
283 403
284 402
285 401
285 400
286 399
287 398
288 397
289 396
289 395
290 394
291 393
291 392
292 391
292 390
293 389
293 388
294 387
294 386
295 385
295 384
296 383
297 382
297 381
298 380
298 379
299 378
299 377
299 376
300 375
300 374
301 373
301 372
301 371
302 370
302 369
302 368
303 367
303 366
303 365
303 364
304 363
304 362
304 361
304 360
304 359
305 358
305 357
305 356
305 355
305 354
305 353
305 352
306 351
306 350
306 349
306 348
306 347
306 346
306 345
306 344
306 343
307 342
307 341
307 340
307 339
307 338