911 90
911 89
912 88
912 87
913 86
913 85
913 84
914 83
914 82
914 82
915 81
916 81
917 81
918 82
919 82
920 82
921 82
922 82
923 82
924 83
925 83
926 83
927 83
928 83
929 84
930 84
931 84
932 84
933 84
934 84
935 85
936 85
937 85
938 85
939 85
940 85
941 86
942 86
943 86
944 86
945 86
946 86
947 86
948 87
949 87
950 87
951 87
952 87
953 87
954 87
955 88
956 88
957 88
958 88
959 88
960 88
961 88
962 89
963 89
964 89
965 89
966 89
967 89
968 89
969 89
970 89
971 89
972 90
973 90
974 90
975 90
976 90
977 90
978 90
979 90
980 90
981 91
982 91
983 91
984 91
985 91
986 91
987 91
988 91
989 91
990 91
991 91
992 91
993 91
994 91
995 91
996 92
997 92
998 92
999 92
1000 92
1001 92
1002 92
1003 92
1004 92
1005 92
1006 92
1007 92
1008 92
1009 92
1010 92
1011 92
1012 92
1013 92
1014 92
1015 92
1016 92
1017 93
1018 93
1019 93
1020 93
1021 93
1022 93
1023 93
1024 93
1025 93
1026 93
1027 93
1028 93
1029 93
1030 93
1031 93
1032 93
1033 93
1034 93
1035 93
1036 93
1037 93
1038 93
1039 93
1040 93
1041 93
1042 93
1043 93
1044 93
1045 93
1046 93
1047 93
1048 93
1049 93
1050 93
1051 93
1052 93
1053 93
1054 93
1055 93
1056 93
1057 93
1058 93
1059 93
1060 93
1061 93
1062 93
1063 93
1064 93
1065 93
1066 93
1067 93
1068 93
1069 93
1070 93
1071 93
1072 93
1073 93
1074 93
1075 93
1076 93
1077 93
1078 93
1079 93
1080 93
1081 93
1082 93
1083 93
1084 93
1085 93
1086 93
1087 93
1088 93
1089 93
1090 93
1091 93
1092 93
1093 93
1094 93
1095 93
1096 93
1097 93
1098 93
1099 93
1100 93
1101 93
1102 93
1103 93
1104 93
1105 93
1106 93
1107 93
1108 93
1109 93
1110 92
1111 92
1112 92
1113 92
1114 92
1115 92
1116 92
1117 92
1118 92
1119 92
1120 92
1121 92
1122 92
1123 92
1124 92
1125 92
1126 92
1127 92
1128 92
1129 92
1130 92
1131 92
1132 92
1133 92
1134 92
1135 92
1136 92
1137 91
1138 91
1139 91
1140 91
1141 91
1142 91
1143 91
1144 91
1145 91
1146 91
1147 91
1148 91
1149 91
1150 91
1151 91
1152 91
1153 91
1154 91
1155 91
1156 91
1157 91
1158 90
1159 90
1160 90
1161 90
1162 90
1163 90
1164 90
1165 90
1166 90
1167 90
1168 90
1169 90
1170 90
1171 90
1172 90
1173 90
1174 90
1175 90
1176 90
1177 90
1178 90
1179 90
1180 90
1181 89
1182 89
1183 89
1184 89
1185 89
1186 89
1187 89
1188 89
1189 89
1190 89
1191 89
1192 89
1193 89
1194 89
1195 89
1196 89
1197 89
1198 89
1199 89
1200 89
1201 89
1202 89
1203 89
1204 89
1205 89
1206 89
1207 89
1208 89
1209 89
1210 89
1211 89
1212 89
1213 89
1214 89
1215 89
1216 89
1217 89
1218 89
1219 89
1220 88
1221 88
1222 88
1223 88
1224 88
1225 88
1226 88
1227 88
1228 88
1229 88
1230 88
1231 88
1232 88
1233 88
1234 88
1235 88
1236 89
1237 89
1238 90
1238 91
1238 92
1238 93
1238 94
1238 95
1238 96
1238 97
1238 98
1238 99
1238 100
1238 101
1238 102
1238 103
1238 104
1238 105
1238 106
1238 107
1238 108
1238 109
1238 110
1238 111
1238 112
1238 113
1238 114
1238 115
1238 116
1238 117
1238 118
1238 119
1238 120
1238 121
1238 122
1239 123
1239 124
1239 125
1239 126
1239 127
1239 128
1239 129
1239 130
1239 131
1239 132
1239 133
1239 134
1239 135
1239 136
1239 137
1239 138
1239 139
1239 140
1240 141
1240 142
1240 143
1240 144
1240 145
1240 146
1240 147
1240 148
1240 149
1240 150
1240 151
1240 152
1241 153
1241 154
1241 155
1241 156
1241 157
1241 158
1241 159
1241 160
1241 161
1241 162
1242 163
1242 164
1242 165
1242 166
1242 167
1242 168
1242 169
1242 170
1242 171
1243 172
1243 173
1243 174
1243 175
1243 176
1243 177
1243 178
1243 179
1244 180
1244 181
1244 182
1244 183
1244 184
1244 185
1244 186
1244 187
1244 188
1245 189
1245 190
1245 191
1245 192
1245 193
1245 194
1245 195
1245 196
1246 197
1246 198
1246 199
1246 200
1246 201
1246 202
1246 203
1247 204
1247 205
1247 206
1247 207
1247 208
1247 209
1247 210
1247 211
1247 212
1247 213
1248 214
1248 215
1248 216
1248 217
1248 218
1248 219
1248 220
1248 221
1249 222
1249 223
1249 224
1249 225
1249 226
1249 227
1249 228
1249 229
1249 230
1250 231
1250 232
1250 233
1250 234
1250 235
1250 236
1250 237
1250 238
1250 239
1250 240
1250 241
1251 242
1251 243
1251 244
1251 245
1251 246
1251 247
1251 248
1251 249
1251 250
1251 251
1251 252
1252 253
1252 254
1252 255
1252 256
1252 257
1252 258
1252 259
1252 260
1252 261
1252 262
1252 263
1252 264
1252 265
1252 266
1253 267
1253 268
1253 269
1253 270
1253 271
1253 272
1253 273
1253 274
1253 275
1253 276
1253 277
1253 278
1253 279
1253 280
1253 281
1253 282
1254 283
1254 284
1254 285
1254 286
1254 287
1254 288
1254 289
1254 290
1254 291
1254 292
1254 293
1254 294
1254 295
1254 296
1254 297
1254 298
1254 299
1254 300
1254 301
1254 302
1254 303
1254 304
1254 305
1254 306
1254 307
1254 308
1254 309
1254 310
1254 311
1254 312
1254 313
1254 314
1254 315
1254 316
1254 317
1254 318
1254 319
1254 320
1254 321
1254 322
1254 323
1254 324
1254 325
1254 326
1254 327
1254 328
1254 329
1254 330
1254 331
1254 332
1254 333
1254 334
1253 335
1253 336
1253 337
1253 338
1253 339
1253 340
1253 341
1253 342
1253 343
1253 344
1253 345
1253 346
1253 347
1253 348
1253 349
1253 350
1253 351
1253 352
1253 353
1252 354
1252 355
1252 356
1252 357
1252 358
1252 359
1252 360
1252 361
1252 362
1251 363
1251 364
1251 365
1251 366
1251 367
1251 368
1251 369
1250 370
1250 371
1250 372
1250 373
1250 374
1250 375
1250 376
1249 377
1249 378
1249 379
1249 380
1249 381
1249 382
1249 383
1249 384
1249 385
1249 386
1249 387
1249 388
1248 389
1248 390
1248 391
1248 392
1247 393
1247 394
1247 395
1247 396
1247 397
1246 398
1246 399
1246 400
1246 401
1246 402
1245 403
1245 404
1245 405
1244 406
1244 407
1244 408
1244 409
1244 410
1243 411
1243 412
1243 413
1243 414
1242 415
1242 416
1242 417
1242 418
1241 419
1241 420
1241 421
1241 422
1240 423
1240 424
1240 425
1240 426
1240 427
1239 428
1239 429
1239 430
1239 431
1238 432
1238 433
1238 434
1238 435
1237 436
1237 437
1237 438
1237 439
1236 440
1236 441
1236 442
1236 443
1235 444
1235 445
1235 446
1235 447
1234 448
1234 449
1234 450
1234 451
1233 452
1233 453
1233 454
1233 455
1232 456
1232 457
1232 458
1231 459
1231 460
1231 461
1231 462
1230 463
1230 464
1230 465
1230 466
1229 467
1229 468
1229 469
1228 470
1228 471
1228 472
1228 473
1227 474
1227 475
1227 476
1226 477
1226 478
1226 479
1225 480
1225 481
1225 482
1224 483
1224 484
1224 485
1223 486
1223 487
1223 488
1222 489
1222 490
1222 491
1221 492
1221 493
1221 494
1220 495
1220 496
1220 497
1219 498
1219 499
1219 500
1219 501
1218 502
1217 503
1216 504
1215 504
1214 504
1213 504
1212 504
1211 503
1210 503
1209 503
1208 503
1207 503
1206 503
1205 502
1204 502
1203 502
1202 502
1201 502
1200 502
1199 502
1198 501
1197 501
1196 501
1195 501
1194 501
1193 501
1192 501
1191 501
1190 501
1189 501
1188 501
1187 501
1186 501
1185 501
1184 501
1183 501
1182 501
1181 501
1180 501
1179 501
1178 501
1177 501
1176 501
1175 501
1174 501
1173 501
1172 501
1171 501
1170 501
1169 501
1168 501
1167 501
1166 501
1165 501
1164 501
1163 501
1162 501
1161 501
1160 501
1159 501
1158 502
1157 502
1156 502
1155 502
1154 502
1153 502
1152 502
1151 502
1150 502
1149 502
1148 503
1147 503
1146 503
1145 503
1144 503
1143 503
1142 503
1141 504
1140 504
1139 504
1138 504
1137 504
1136 505
1135 505
1134 505
1133 505
1132 505
1131 505
1130 506
1129 506
1128 506
1127 506
1126 506
1125 507
1124 507
1123 507
1122 507
1121 507
1120 508
1119 508
1118 508
1117 508
1116 508
1115 508
1114 509
1113 509
1112 509
1111 509
1110 509
1109 510
1108 510
1107 510
1106 510
1105 510
1104 511
1103 511
1102 511
1101 511
1100 512
1099 512
1098 512
1097 512
1096 512
1095 512
1094 513
1093 513
1092 513
1091 513
1090 514
1089 514
1088 514
1087 514
1086 514
1085 515
1084 515
1083 515
1082 515
1081 516
1080 516
1079 516
1078 516
1077 517
1076 517
1075 517
1074 517
1073 517
1072 518
1071 518
1070 518
1069 518
1068 519
1067 519
1066 519
1065 519
1064 519
1063 520
1062 520
1061 520
1060 520
1059 521
1058 521
1057 521
1056 521
1055 522
1054 522
1053 522
1052 522
1051 523
1050 523
1049 523
1048 523
1047 523
1046 524
1045 524
1044 524
1043 524
1042 525
1041 525
1040 525
1039 525
1038 526
1037 526
1036 526
1035 526
1034 527
1033 527
1032 527
1031 527
1030 528
1029 528
1028 528
1027 528
1026 529
1025 529
1024 529
1023 529
1022 529
1021 530
1020 530
1019 530
1018 530
1017 531
1016 531
1015 531
1014 531
1013 532
1012 532
1011 532
1010 532
1009 533
1008 533
1007 533
1006 533
1005 534
1004 534
1003 534
1002 534
1001 535
1000 535
999 535
998 535
997 536
996 536
995 536
994 536
993 537
992 537
991 537
990 537
989 538
988 538
987 538
986 538
985 539
984 539
983 539
982 539
981 540
980 540
979 540
978 540
977 541
976 541
975 541
974 542
973 542
972 542
971 542
970 542
969 543
968 543
967 543
966 543
965 544
964 544
963 544
962 545
961 545
960 545
959 545
958 546
957 546
956 546
955 546
954 547
953 547
952 547
951 547
950 548
949 548
948 548
947 548
946 549
945 549
944 549
943 549
942 549
941 549
940 550
939 550
938 550
937 550
936 550
935 550
934 550
933 551
932 551
931 551
930 551
929 551
928 551
927 551
926 552
925 552
924 552
923 552
922 552
921 552
920 552
919 552
918 552
917 552
916 553
915 553
914 553
913 553
912 553
911 553
910 553
909 553
908 553
907 553
906 554
905 554
904 554
903 554
902 554
901 554
900 554
899 554
898 554
897 554
896 555
895 555
894 555
893 555
892 555
891 555
890 555
889 555
888 555
887 555
886 556
885 556
884 556
883 556
882 556
881 556
880 556
879 556
878 556
877 556
876 556
875 556
874 556
873 556
872 556
871 556
870 556
869 556
868 556
867 556
866 556
865 556
864 556
863 556
862 556
861 556
860 555
859 555
858 555
857 555
856 555
855 555
854 555
853 555
852 555
851 555
850 555
849 555
848 555
847 554
846 554
845 554
844 554
843 554
842 554
841 554
840 554
839 554
838 554
837 553
836 553
835 553
834 553
833 553
832 553
831 553
830 553
829 552
828 552
827 552
826 552
825 552
824 551
823 550
822 549
822 548
822 547
822 546
823 545
823 544
823 543
823 542
823 541
824 540
824 539
824 538
824 537
825 536
825 535
825 534
825 533
826 532
826 531
826 530
826 529
826 528
826 527
827 526
827 525
827 524
827 523
827 522
827 521
828 520
828 519
828 518
828 517
828 516
828 515
828 514
829 513
829 512
829 511
829 510
829 509
829 508
829 507
829 506
830 505
830 504
830 503
830 502
830 501
830 500
830 499
830 498
830 497
831 496
831 495
831 494
831 493
831 492
831 491
831 490
831 489
831 488
831 487
831 486
831 485
831 484
831 483
832 482
832 481
832 480
832 479
832 478
832 477
832 476
832 475
832 474
832 473
832 472
832 471
832 470
832 469
832 468
832 467
832 466
832 465
833 464
833 463
833 462
833 461
833 460
833 459
833 458
833 457
833 456
833 455
833 454
833 453
833 452
833 451
834 450
834 449
834 448
834 447
834 446
834 445
834 444
834 443
834 442
834 441
834 440
834 439
834 438
834 437
834 436
834 435
834 434
834 433
834 432
834 431
834 430
834 429
834 428
834 427
834 426
834 425
834 424
834 423
834 422
834 421
834 420
834 419
834 418
834 417
834 416
834 415
834 414
834 413
834 412
834 411
834 410
834 409
834 408
834 407
834 406
834 405
834 404
834 403
834 402
834 401
834 400
834 399
834 398
834 397
834 396
834 395
834 394
834 393
834 392
834 391
834 390
834 389
834 388
834 387
834 386
834 385
834 384
834 383
834 382
834 381
834 380
834 379
834 378
834 377
834 376
835 375
835 374
835 373
835 372
835 371
835 370
835 369
835 368
835 367
835 366
835 365
835 364
835 363
836 362
836 361
836 360
836 359
836 358
836 357
836 356
836 355
836 354
836 353
836 352
837 351
837 350
837 349
837 348
837 347
837 346
837 345
837 344
837 343
838 342
838 341
838 340
838 339
838 338
838 337
838 336
838 335
839 334
839 333
839 332
839 331
839 330
839 329
839 328
840 327
840 326
840 325
840 324
840 323
840 322
840 321
841 320
841 319
841 318
841 317
841 316
841 315
842 314
842 313
842 312
842 311
842 310
842 309
843 308
843 307
843 306
843 305
843 304
844 303
844 302
844 301
844 300
844 299
845 298
845 297
845 296
845 295
845 294
846 293
846 292
846 291
846 290
846 289
847 288
847 287
847 286
847 285
848 284
848 283
848 282
848 281
849 280
849 279
849 278
849 277
850 276
850 275
850 274
850 273
850 272
851 271
851 270
851 269
852 268
852 267
852 266
852 265
853 264
853 263
853 262
853 261
854 260
854 259
854 258
854 257
855 256
855 255
855 254
855 253
856 252
856 251
856 250
856 249
857 248
857 247
857 246
857 245
858 244
858 243
858 242
858 241
859 240
859 239
859 238
859 237
860 236
860 235
860 234
861 233
861 232
861 231
861 230
862 229
862 228
862 227
862 226
863 225
863 224
863 223
864 222
864 221
864 220
864 219
865 218
865 217
865 216
866 215
866 214
866 213
867 212
867 211
867 210
867 209
868 208
868 207
868 206
869 205
869 204
869 203
869 202
870 201
870 200
870 199
871 198
871 197
871 196
872 195
872 194
872 193
872 192
873 191
873 190
873 189
874 188
874 187
874 186
875 185
875 184
876 183
876 182
876 181
876 180
877 179
877 178
877 177
878 176
878 175
879 174
879 173
879 172
880 171
880 170
880 169
881 168
881 167
882 166
882 165
882 164
883 163
883 162
884 161
884 160
884 159
885 158
885 157
886 156
886 155
886 154
887 153
887 152
888 151
888 150
888 149
889 148
889 147
890 146
890 145
890 144
891 143
891 142
892 141
892 140
892 139
893 138
893 137
894 136
894 135
894 134
895 133
895 132
896 131
896 130
896 129
897 128
897 127
897 126
898 125
898 124
899 123
899 122
899 121
900 120
900 119
901 118
901 117
901 116
902 115
902 114
902 113
903 112
903 111
904 110
904 109
904 108
905 107
905 106
905 105
906 104
906 103
907 102
907 101
907 100
908 99
908 98
908 97
909 96
909 95
910 94
910 93
910 92
911 91

