210  425
211  425
212  425
213  425
214  425
215  425
216  425
217  425
218  425
219  425
220  425
221  425
222  425
223  426
224  426
225  426
226  426
227  426
228  427
229  427
230  427
231  427
232  427
233  428
234  428
235  428
236  428
237  429
238  429
239  429
240  430
241  430
242  430
243  431
244  431
245  432
246  432
247  433
247  434
247  435
247  436
247  437
247  438
247  439
246  440
246  441
246  442
246  443
246  444
246  445
245  446
245  447
245  448
245  449
245  450
244  451
244  452
244  453
243  454
243  455
243  456
243  457
243  458
242  459
242  460
242  461
242  462
241  463
241  464
241  465
241  466
241  467
240  468
240  469
240  470
240  471
239  472
239  473
239  474
239  475
239  476
239  477
238  478
238  479
238  480
238  481
238  482
238  483
238  484
238  485
238  486
238  487
237  488
237  489
237  490
237  491
237  492
237  493
237  494
238  495
238  496
238  497
238  498
238  499
238  500
238  501
238  502
238  503
238  504
238  505
239  506
239  507
239  508
239  509
239  510
240  511
240  512
241  513
241  514
241  515
242  516
242  517
243  518
243  519
244  520
245  521
245  522
246  523
247  524
247  525
248  526
249  527
250  528
251  529
252  530
253  531
254  531
255  531
256  532
257  532
258  533
259  533
260  533
261  533
262  533
263  533
264  533
265  533
266  533
267  533
268  532
269  532
270  531
271  531
272  531
273  530
274  530
275  529
276  529
277  529
278  529
279  528
280  528
281  528
282  528
283  528
284  527
285  527
286  527
287  527
288  527
289  527
290  527
291  528
292  528
293  528
294  529
295  529
296  530
297  531
298  531
299  532
300  532
301  533
302  534
303  535
304  536
305  537
306  538
306  539
307  540
307  541
308  542
308  543
309  544
309  545
309  546
310  547
310  548
311  549
311  550
311  551
311  552
311  553
312  554
312  555
312  556
312  557
312  558
312  559
312  560
312  561
312  562
312  563
312  564
312  565
312  566
312  567
311  568
311  569
311  570
311  571
311  572
311  573
311  574
310  575
310  576
310  577
309  578
309  579
308  580
307  581
306  582
305  583
304  584
303  585
302  586
301  587
300  588
299  588
298  589
297  590
296  590
295  590
294  591
293  591
292  592
291  592
290  592
289  592
288  592
287  592
286  592
285  592
284  592
283  592
282  592
281  591
280  591
279  591
278  591
277  591
276  591
275  591
274  591
273  591
272  591
271  591
270  591
269  591
268  591
267  592
266  592
265  593
264  594
263  595
262  596
261  597
260  598
259  599
259  600
258  601
258  602
257  603
257  604
257  605
256  606
256  607
256  608
255  609
255  610
255  611
255  612
255  613
254  614
255  615
255  616
255  617
255  618
255  619
255  620
255  621
255  622
255  623
255  624
255  625
256  626
256  627
256  628
256  629
257  630
257  631
257  632
257  633
258  634
258  635
258  636
259  637
259  638
259  639
260  640
260  641
261  642
261  643
262  644
262  645
263  646
264  647
264  648
265  649
265  650
266  651
266  652
267  653
267  654
268  655
268  656
269  657
269  658
270  659
271  660
271  661
272  662
272  663
273  664
273  665
274  666
274  667
275  668
276  669
276  670
277  671
277  672
277  673
277  674
277  675
277  676
277  677
277  678
276  679
275  680
274  681
273  682
272  683
271  683
270  684
269  685
268  685
267  686
266  687
265  688
264  689
263  689
262  690
261  691
260  692
259  692
258  693
257  693
256  694
255  694
254  695
253  695
252  696
251  696
250  697
249  697
248  698
247  698
246  698
245  699
244  699
243  699
242  700
241  700
240  700
239  700
238  701
237  701
236  701
235  701
234  701
233  701
232  701
231  702
230  702
229  702
228  702
227  702
226  702
225  702
224  701
223  701
222  701
221  701
220  700
219  700
218  699
217  698
216  697
215  696
214  695
213  694
212  693
212  692
211  691
211  690
210  689
210  688
210  687
210  686
210  685
210  684
210  683
211  682
211  681
211  680
211  679
211  678
211  677
212  676
212  675
212  674
212  673
213  672
213  671
213  670
213  669
213  668
214  667
214  666
214  665
214  664
214  663
213  662
213  661
213  660
213  659
212  658
212  657
211  656
211  655
210  654
209  653
208  652
207  651
206  650
205  650
204  649
203  648
202  648
201  647
200  647
199  647
198  647
197  647
196  646
195  646
194  646
193  646
192  646
191  645
190  645
189  645
188  645
187  645
186  645
185  645
184  645
183  645
182  645
181  645
180  645
179  645
178  645
177  645
176  646
175  646
174  646
173  646
172  647
171  647
170  647
169  648
168  648
167  649
166  649
165  650
164  651
163  652
162  652
161  653
160  654
159  655
159  656
158  657
157  658
156  659
156  660
156  661
155  662
155  663
155  664
155  665
154  666
154  667
154  668
154  669
154  670
154  671
154  672
155  673
155  674
155  675
156  676
157  677
157  678
158  679
158  680
159  681
159  682
160  683
161  684
161  685
162  686
162  687
163  688
163  689
164  690
164  691
165  692
165  693
165  694
165  695
165  696
165  697
165  698
165  699
165  700
165  701
164  702
163  703
162  704
161  705
160  706
159  706
158  707
157  707
156  708
155  708
154  709
153  709
152  709
151  710
150  710
149  710
148  711
147  711
146  711
145  712
144  712
143  712
142  712
141  713
140  713
139  713
138  713
137  713
136  714
135  714
134  714
133  714
132  714
131  714
130  714
129  714
128  714
127  714
126  714
125  714
124  714
123  714
122  714
121  714
120  714
119  714
118  714
117  714
116  714
115  714
114  714
113  714
112  713
111  713
110  713
109  713
108  713
107  713
106  713
105  713
104  712
103  712
102  712
101  712
100  711
99  711
98  711
97  711
96  711
95  710
94  710
93  709
92  708
91  707
91  706
90  705
90  704
90  703
90  702
90  701
90  700
91  699
91  698
91  697
91  696
92  695
92  694
92  693
92  692
93  691
93  690
93  689
93  688
93  687
93  686
94  685
94  684
94  683
94  682
94  681
95  680
95  679
95  678
95  677
95  676
95  675
96  674
96  673
96  672
96  671
96  670
96  669
97  668
97  667
97  666
97  665
97  664
97  663
97  662
97  661
97  660
97  659
97  658
97  657
97  656
97  655
97  654
97  653
97  652
97  651
97  650
97  649
97  648
97  647
97  646
97  645
97  644
97  643
97  642
97  641
96  640
96  639
96  638
96  637
95  636
95  635
95  634
94  633
93  632
92  631
91  630
90  630
89  629
88  629
87  628
86  628
85  628
84  628
83  628
82  628
81  628
80  628
79  628
78  628
77  628
76  629
75  629
74  629
73  629
72  630
71  630
70  630
69  630
68  631
67  631
66  631
65  631
64  632
63  632
62  632
61  632
60  632
59  632
58  632
57  632
56  632
55  632
54  632
53  632
52  631
51  631
50  630
49  629
48  628
47  627
46  626
45  625
45  624
44  623
43  622
43  621
42  620
42  619
41  618
41  617
40  616
40  615
39  614
39  613
38  612
38  611
38  610
38  609
37  608
37  607
36  606
36  605
36  604
36  603
36  602
36  601
36  600
36  599
36  598
36  597
36  596
36  595
36  594
36  593
36  592
36  591
37  590
37  589
37  588
37  587
37  586
38  585
39  584
39  583
40  582
40  581
41  580
42  579
42  578
43  577
44  576
45  575
46  574
47  573
48  572
49  572
50  571
51  571
52  571
53  571
54  571
55  571
56  571
57  571
58  571
59  572
60  572
61  572
62  573
63  573
64  573
65  573
66  573
67  574
68  574
69  574
70  574
71  575
72  575
73  575
74  576
75  576
76  576
77  576
78  576
79  576
80  576
81  575
82  575
83  574
84  574
85  573
86  572
87  571
88  570
89  569
90  568
90  567
91  566
91  565
92  564
92  563
93  562
93  561
93  560
93  559
94  558
94  557
94  556
94  555
95  554
95  553
95  552
95  551
95  550
95  549
95  548
95  547
95  546
95  545
95  544
95  543
95  542
95  541
95  540
95  539
95  538
95  537
95  536
94  535
94  534
94  533
94  532
94  531
93  530
93  529
93  528
93  527
93  526
92  525
92  524
92  523
92  522
91  521
91  520
91  519
91  518
91  517
90  516
90  515
90  514
90  513
89  512
89  511
89  510
88  509
88  508
87  507
86  506
86  505
85  504
85  503
84  502
83  501
83  500
82  499
82  498
81  497
81  496
80  495
80  494
79  493
78  492
77  491
77  490
76  489
75  488
75  487
74  486
73  485
72  484
71  483
70  482
69  481
68  480
67  479
66  478
65  477
64  476
63  475
63  474
62  473
61  472
61  471
61  470
61  469
61  468
62  467
63  466
64  465
65  464
66  463
67  463
68  462
69  461
70  460
71  459
72  459
73  458
74  457
75  456
76  456
77  455
78  454
79  453
80  453
81  452
82  451
83  450
84  449
85  449
86  448
87  447
88  446
89  446
90  445
91  444
92  443
93  443
94  442
95  441
96  441
97  440
98  440
99  439
100  438
101  438
102  438
103  438
104  437
105  437
106  437
107  436
108  436
109  436
110  436
111  436
112  436
113  436
114  436
115  436
116  436
117  436
118  436
119  436
120  436
121  436
122  436
123  437
124  437
125  438
126  438
127  439
128  440
129  441
130  442
131  443
132  444
132  445
132  446
132  447
132  448
132  449
132  450
132  451
131  452
131  453
131  454
131  455
131  456
131  457
130  458
130  459
130  460
130  461
130  462
130  463
129  464
129  465
129  466
129  467
129  468
129  469
129  470
129  471
129  472
129  473
129  474
130  475
130  476
130  477
131  478
131  479
131  480
132  481
133  482
134  483
135  484
136  485
137  486
138  487
139  487
140  488
141  488
142  488
143  489
144  489
145  490
146  490
147  490
148  490
149  491
150  491
151  491
152  491
153  491
154  491
155  491
156  491
157  491
158  491
159  491
160  491
161  491
162  491
163  491
164  490
165  490
166  490
167  490
168  489
169  489
170  489
171  488
172  488
173  488
174  487
175  487
176  487
177  486
178  485
179  485
180  484
181  483
182  483
183  482
184  481
185  480
186  479
187  478
187  477
188  476
188  475
189  474
189  473
189  472
189  471
189  470
189  469
189  468
189  467
189  466
188  465
188  464
188  463
188  462
187  461
187  460
187  459
187  458
186  457
186  456
186  455
186  454
185  453
185  452
185  451
185  450
184  449
184  448
184  447
183  446
183  445
183  444
183  443
183  442
183  441
184  440
184  439
185  438
185  437
186  436
187  435
188  434
189  433
190  432
191  432
192  431
193  431
194  430
195  430
196  429
197  429
198  428
199  428
200  427
201  427
202  427
203  427
204  426
205  426
206  426
207  426
208  426
209  426
209  426