226  1109
227  1109
228  1109
229  1109
230  1109
231  1109
232  1109
233  1109
234  1109
235  1109
236  1109
237  1110
238  1110
239  1110
240  1111
241  1111
242  1112
243  1112
244  1113
245  1113
246  1114
247  1115
248  1116
249  1117
250  1118
250  1119
251  1120
251  1121
251  1122
252  1123
252  1124
252  1125
252  1126
252  1127
252  1128
252  1129
252  1130
252  1131
252  1132
252  1133
252  1134
252  1135
252  1136
252  1137
252  1138
252  1139
252  1140
252  1141
252  1142
252  1143
253  1144
253  1145
254  1146
254  1147
255  1148
256  1149
257  1150
258  1150
259  1151
260  1151
261  1151
262  1152
263  1152
264  1152
265  1152
266  1152
267  1152
268  1152
269  1152
270  1151
271  1151
272  1151
273  1150
274  1150
275  1150
276  1149
277  1149
278  1148
279  1147
280  1147
281  1146
282  1146
283  1145
284  1145
285  1144
286  1144
287  1143
288  1143
289  1142
290  1142
291  1141
292  1140
293  1140
294  1139
295  1139
296  1138
297  1137
298  1137
299  1136
300  1136
301  1135
302  1134
303  1134
304  1133
305  1132
306  1132
307  1131
308  1131
309  1131
310  1131
311  1132
312  1133
313  1134
313  1135
314  1136
315  1137
316  1138
316  1139
317  1140
318  1141
318  1142
319  1143
320  1144
321  1145
321  1146
322  1147
323  1148
323  1149
324  1150
325  1151
325  1152
326  1153
327  1154
328  1155
328  1156
329  1157
330  1158
331  1159
331  1160
332  1161
333  1162
334  1163
334  1164
335  1165
335  1166
336  1167
336  1168
337  1169
337  1170
338  1171
338  1172
339  1173
339  1174
339  1175
340  1176
340  1177
340  1178
340  1179
340  1180
340  1181
340  1182
341  1183
341  1184
341  1185
341  1186
341  1187
341  1188
340  1189
340  1190
340  1191
340  1192
340  1193
339  1194
339  1195
339  1196
338  1197
338  1198
338  1199
337  1200
336  1201
335  1202
334  1203
333  1204
332  1205
331  1206
330  1206
329  1207
328  1207
327  1207
326  1208
325  1208
324  1208
323  1208
322  1208
321  1207
320  1207
319  1207
318  1207
317  1207
316  1206
315  1206
314  1206
313  1206
312  1206
311  1206
310  1206
309  1206
308  1206
307  1206
306  1206
305  1206
304  1207
303  1207
302  1208
301  1208
300  1209
299  1210
298  1211
297  1212
296  1213
296  1214
295  1215
294  1216
294  1217
293  1218
293  1219
293  1220
293  1221
293  1222
293  1223
292  1224
292  1225
292  1226
292  1227
292  1228
292  1229
292  1230
292  1231
292  1232
292  1233
292  1234
292  1235
292  1236
292  1237
293  1238
293  1239
293  1240
293  1241
294  1242
294  1243
295  1244
295  1245
296  1246
296  1247
296  1248
297  1249
297  1250
298  1251
298  1252
299  1253
300  1254
301  1255
302  1256
303  1257
304  1258
305  1259
306  1260
307  1260
308  1261
309  1261
310  1262
311  1262
312  1262
313  1262
314  1263
315  1263
316  1263
317  1263
318  1262
319  1262
320  1262
321  1262
322  1261
323  1261
324  1261
325  1260
326  1260
327  1259
328  1259
329  1259
330  1258
331  1258
332  1257
333  1257
334  1257
335  1256
336  1256
337  1256
338  1256
339  1257
340  1257
341  1257
342  1257
343  1258
344  1258
345  1259
346  1259
347  1260
348  1261
349  1262
350  1263
351  1264
352  1265
353  1266
354  1267
354  1268
355  1269
355  1270
356  1271
356  1272
357  1273
357  1274
357  1275
357  1276
358  1277
358  1278
358  1279
359  1280
359  1281
359  1282
359  1283
359  1284
359  1285
359  1286
359  1287
359  1288
359  1289
359  1290
359  1291
359  1292
359  1293
359  1294
359  1295
359  1296
359  1297
359  1298
359  1299
359  1300
359  1301
359  1302
359  1303
359  1304
359  1305
359  1306
359  1307
359  1308
359  1309
359  1310
359  1311
359  1312
359  1313
359  1314
359  1315
359  1316
359  1317
359  1318
359  1319
359  1320
359  1321
359  1322
359  1323
359  1324
359  1325
359  1326
359  1327
359  1328
359  1329
359  1330
359  1331
358  1332
358  1333
358  1334
357  1335
356  1336
355  1336
354  1337
353  1337
352  1337
351  1338
350  1338
349  1338
348  1338
347  1338
346  1339
345  1339
344  1339
343  1339
342  1339
341  1340
340  1340
339  1340
338  1340
337  1340
336  1340
335  1340
334  1341
333  1341
332  1341
331  1341
330  1341
329  1342
328  1342
327  1342
326  1342
325  1342
324  1342
323  1343
322  1343
321  1343
320  1343
319  1343
318  1343
317  1343
316  1344
315  1344
314  1344
313  1344
312  1344
311  1345
310  1345
309  1345
308  1345
307  1345
306  1345
305  1346
304  1346
303  1346
302  1346
301  1346
300  1346
299  1346
298  1347
297  1347
296  1347
295  1347
294  1347
293  1347
292  1348
291  1348
290  1348
289  1348
288  1348
287  1349
286  1349
285  1349
284  1349
283  1349
282  1349
281  1349
280  1349
279  1349
278  1350
277  1350
276  1350
275  1350
274  1350
273  1351
272  1351
271  1351
270  1351
269  1351
268  1351
267  1352
266  1352
265  1352
264  1352
263  1352
262  1352
261  1352
260  1353
259  1353
258  1353
257  1353
256  1353
255  1354
254  1354
253  1354
252  1354
251  1354
250  1354
249  1354
248  1355
247  1355
246  1355
245  1355
244  1355
243  1355
242  1356
241  1356
240  1356
239  1356
238  1356
237  1356
236  1356
235  1357
234  1357
233  1357
232  1357
231  1357
230  1358
229  1358
228  1358
227  1358
226  1358
225  1358
224  1358
223  1359
222  1359
221  1359
220  1359
219  1359
218  1359
217  1360
216  1360
215  1360
214  1360
213  1360
212  1360
211  1361
210  1361
209  1361
208  1361
207  1361
206  1361
205  1361
204  1362
203  1362
202  1362
201  1362
200  1362
199  1362
198  1363
197  1363
196  1363
195  1363
194  1363
193  1363
192  1364
191  1364
190  1364
189  1364
188  1364
187  1364
186  1364
185  1365
184  1365
183  1365
182  1365
181  1365
180  1366
179  1366
178  1366
177  1366
176  1366
175  1366
174  1367
173  1367
172  1367
171  1367
170  1367
169  1367
168  1367
167  1368
166  1368
165  1368
164  1368
163  1368
162  1369
161  1369
160  1369
159  1369
158  1369
157  1369
156  1369
155  1369
154  1369
153  1368
153  1367
152  1366
151  1365
151  1364
151  1363
151  1362
150  1361
150  1360
150  1359
150  1358
150  1357
150  1356
150  1355
149  1354
149  1353
149  1352
148  1351
148  1350
148  1349
148  1348
148  1347
148  1346
147  1345
147  1344
147  1343
147  1342
147  1341
147  1340
146  1339
146  1338
146  1337
146  1336
145  1335
145  1334
145  1333
145  1332
145  1331
144  1330
144  1329
144  1328
144  1327
143  1326
143  1325
143  1324
143  1323
142  1322
142  1321
142  1320
142  1319
141  1318
141  1317
141  1316
141  1315
141  1314
141  1313
140  1312
140  1311
140  1310
141  1309
141  1308
141  1307
141  1306
142  1305
143  1304
143  1303
144  1302
145  1301
146  1300
147  1299
148  1298
149  1298
150  1297
151  1297
152  1297
153  1297
154  1297
155  1298
156  1298
157  1298
158  1298
159  1298
160  1298
161  1298
162  1298
163  1299
164  1299
165  1299
166  1299
167  1299
168  1299
169  1299
170  1299
171  1299
172  1299
173  1298
174  1298
175  1298
176  1297
177  1297
178  1296
179  1296
180  1295
181  1294
182  1293
183  1292
184  1291
185  1290
186  1289
187  1288
187  1287
187  1286
188  1285
188  1284
188  1283
188  1282
189  1281
189  1280
189  1279
189  1278
189  1277
189  1276
189  1275
189  1274
189  1273
189  1272
189  1271
189  1270
189  1269
188  1268
188  1267
188  1266
188  1265
188  1264
187  1263
187  1262
187  1261
186  1260
186  1259
186  1258
185  1257
185  1256
184  1255
184  1254
183  1253
182  1252
181  1251
180  1250
179  1249
178  1248
177  1247
176  1246
175  1246
174  1245
173  1245
172  1244
171  1244
170  1244
169  1243
168  1243
167  1243
166  1243
165  1243
164  1243
163  1243
162  1243
161  1243
160  1244
159  1244
158  1244
157  1244
156  1245
155  1245
154  1246
153  1246
152  1247
151  1247
150  1247
149  1248
148  1249
147  1249
146  1249
145  1250
144  1250
143  1250
142  1250
141  1250
140  1250
139  1250
138  1250
137  1250
136  1249
135  1248
134  1247
133  1246
133  1245
132  1244
131  1243
131  1242
130  1241
130  1240
130  1239
129  1238
129  1237
129  1236
129  1235
129  1234
129  1233
129  1232
129  1231
129  1230
129  1229
129  1228
129  1227
129  1226
129  1225
129  1224
129  1223
129  1222
129  1221
129  1220
129  1219
129  1218
129  1217
130  1216
130  1215
130  1214
130  1213
130  1212
130  1211
131  1210
131  1209
131  1208
131  1207
131  1206
132  1205
132  1204
132  1203
132  1202
132  1201
133  1200
133  1199
133  1198
133  1197
133  1196
133  1195
134  1194
134  1193
134  1192
134  1191
135  1190
135  1189
135  1188
135  1187
135  1186
135  1185
136  1184
136  1183
136  1182
136  1181
136  1180
137  1179
137  1178
137  1177
138  1176
138  1175
138  1174
139  1173
140  1173
141  1173
142  1173
143  1173
144  1174
145  1174
146  1174
147  1174
148  1174
149  1175
150  1175
151  1175
152  1175
153  1175
154  1175
155  1176
156  1176
157  1176
158  1176
159  1176
160  1176
161  1176
162  1176
163  1176
164  1177
165  1177
166  1177
167  1177
168  1177
169  1177
170  1177
171  1177
172  1177
173  1177
174  1177
175  1177
176  1177
177  1177
178  1177
179  1177
180  1177
181  1177
182  1177
183  1177
184  1176
185  1176
186  1176
187  1176
188  1176
189  1176
190  1176
191  1176
192  1176
193  1175
194  1175
195  1174
196  1174
197  1173
198  1172
199  1172
200  1171
201  1170
202  1169
203  1168
204  1167
205  1166
206  1165
206  1164
207  1163
207  1162
207  1161
207  1160
207  1159
207  1158
207  1157
207  1156
207  1155
207  1154
206  1153
206  1152
205  1151
205  1150
204  1149
204  1148
203  1147
202  1146
202  1145
201  1144
200  1143
200  1142
199  1141
199  1140
198  1139
198  1138
197  1137
197  1136
197  1135
197  1134
197  1133
197  1132
198  1131
198  1130
198  1129
198  1128
199  1127
199  1126
200  1125
201  1124
201  1123
202  1122
203  1121
204  1120
205  1119
206  1118
207  1117
208  1116
209  1116
210  1115
211  1114
212  1114
213  1113
214  1112
215  1112
216  1111
217  1111
218  1111
219  1111
220  1111
221  1110
222  1110
223  1110
224  1110
225  1110
225  1110
